C   2 0.022 0.190 0.583 0.205
N   3 0.019 0.133 0.640 0.208
T   4 0.077 0.180 0.665 0.078
A   5 0.210 0.259 0.497 0.035
T   6 0.330 0.270 0.379 0.022
C   7 0.274 0.310 0.404 0.012
A   8 0.200 0.254 0.507 0.039
T   9 0.235 0.268 0.466 0.030
Q  10 0.188 0.240 0.538 0.033
R  11 0.141 0.224 0.589 0.046
L  12 0.123 0.216 0.610 0.051
A  13 0.111 0.208 0.626 0.054
N  14 0.093 0.193 0.654 0.060
F  15 0.078 0.178 0.677 0.067
L  16 0.062 0.165 0.709 0.064
V  17 0.060 0.161 0.699 0.081
H  18 0.044 0.149 0.722 0.085
S  19 0.032 0.141 0.732 0.095
S  20 0.031 0.130 0.758 0.081
N  21 0.030 0.131 0.754 0.084
N  22 0.030 0.135 0.745 0.090
F  23 0.030 0.135 0.746 0.090
G  24 0.031 0.126 0.768 0.075
A  25 0.016 0.113 0.746 0.126
I  26 0.021 0.124 0.751 0.104
L  27 0.022 0.134 0.718 0.126
S  28 0.038 0.148 0.721 0.094
S  29 0.033 0.137 0.744 0.086
T  30 0.035 0.134 0.754 0.077
N  31 0.041 0.137 0.755 0.067
V  32 0.036 0.133 0.757 0.074
G  33 0.036 0.134 0.757 0.073
S  34 0.041 0.137 0.762 0.060
N  35 0.044 0.142 0.758 0.056
