{"rep": [[[0.07812136712392467, 0.05161590327830737, 0.03417809811671704, 0.032550569634968614, 0.01650778888630551, 0.01929783771215996, 0.037898163217856315, 0.038130667286677515, 0.03627063473610788, 0.04161822831899558, 0.03603813066728668, 0.037898163217856315, 0.025342943501511277, 0.03231806556614741, 0.04138572425017438, 0.03162055335968379, 0.024180423157405255, 0.029528016740292956, 0.02232039060683562, 0.013485235991629853, 0.016275284817484307, 0.008602650546384562, 0.0106951871657754, 0.008137642408742153, 0.0106951871657754, 0.013717740060451058, 0.018367821436875147, 0.008602650546384562, 0.008370146477563357, 0.016740292955126714, 0.01441525226691467, 0.021622878400372008, 0.01743780516159033, 0.01743780516159033, 0.01325273192280865, 0.009532666821669379, 0.02232039060683562, 0.013950244129272262], [0.05161590327830737, 0.09137409904673331, 0.04533829342013485, 0.04045570797488956, 0.02278539874447803, 0.04161822831899558, 0.07347128574750059, 0.050220878865380146, 0.03999069983724715, 0.05231341548477098, 0.04580330155777726, 0.04580330155777726, 0.02069286212508719, 0.03208556149732621, 0.0374331550802139, 0.03348058591025343, 0.027900488258544524, 0.02185538246919321, 0.023017902813299233, 0.019065333643338758, 0.01650778888630551, 0.009532666821669379, 0.016972797023947918, 0.012090211578702627, 0.016740292955126714, 0.01813531736805394, 0.019995349918623576, 0.012322715647523831, 0.01116019530341781, 0.020925366193908394, 0.01743780516159033, 0.017902813299232736, 0.012555219716345037, 0.012090211578702627, 0.012555219716345037, 0.010462683096954197, 0.019065333643338758, 0.01116019530341781], [0.03417809811671704, 0.04533829342013485, 0.07323878167867938, 0.051848407347128575, 0.04022320390606836, 0.03603813066728668, 0.04417577307602883, 0.031853057428505, 0.030458033015577774, 0.031853057428505, 0.027202976052080913, 0.029295512671471752, 0.01488026040455708, 0.015577772611020693, 0.019762845849802372, 0.0213903743315508, 0.015345268542199489, 0.016972797023947918, 0.015810276679841896, 0.01441525226691467, 0.01488026040455708, 0.010927691234596606, 0.013020227853987446, 0.010462683096954197, 0.013950244129272262, 0.015345268542199489, 0.016972797023947918, 0.00906765868402697, 0.008602650546384562, 0.013485235991629853, 0.014647756335735876, 0.009765170890490584, 0.00744013020227854, 0.008602650546384562, 0.0106951871657754, 0.010462683096954197, 0.01488026040455708, 0.00906765868402697], [0.032550569634968614, 0.04045570797488956, 0.051848407347128575, 0.10997442455242967, 0.0688212043710765, 0.04952336665891653, 0.058591025342943505, 0.05533596837944664, 0.057428504998837476, 0.06626365961404325, 0.04719832597070449, 0.05696349686119507, 0.036503138804929086, 0.030458033015577774, 0.026737967914438502, 0.0425482445942804, 0.03766565914903511, 0.03348058591025343, 0.026970471983259706, 0.025110439432690073, 0.029063008602650545, 0.016972797023947918, 0.017902813299232736, 0.01813531736805394, 0.02232039060683562, 0.028132992327365727, 0.025342943501511277, 0.016275284817484307, 0.01488026040455708, 0.016275284817484307, 0.0213903743315508, 0.016740292955126714, 0.015345268542199489, 0.01929783771215996, 0.020925366193908394, 0.01860032550569635, 0.02976052080911416, 0.01953034178098117], [0.01650778888630551, 0.02278539874447803, 0.04022320390606836, 0.0688212043710765, 0.0960241804231574, 0.06068356196233434, 0.05068588700302255, 0.04975587072773774, 0.049290862590095325, 0.05091839107184376, 0.05068588700302255, 0.04882585445245292, 0.03324808184143223, 0.029295512671471752, 0.025342943501511277, 0.030458033015577774, 0.0265054638456173, 0.031155545222041385, 0.025342943501511277, 0.023715415019762844, 0.024180423157405255, 0.016275284817484307, 0.019995349918623576, 0.016275284817484307, 0.02069286212508719, 0.023715415019762844, 0.022087886538014415, 0.015577772611020693, 0.016275284817484307, 0.015112764473378284, 0.016740292955126714, 0.016275284817484307, 0.01116019530341781, 0.012090211578702627, 0.015345268542199489, 0.014647756335735876, 0.022087886538014415, 0.011392699372239015], [0.01929783771215996, 0.04161822831899558, 0.03603813066728668, 0.04952336665891653, 0.06068356196233434, 0.10834689607068124, 0.0741687979539642, 0.056033480585910254, 0.049058358521274124, 0.06603115554522204, 0.06556614740757963, 0.05487096024180423, 0.03301557777261102, 0.038130667286677515, 0.03301557777261102, 0.03836317135549872, 0.03348058591025343, 0.026272959776796095, 0.025342943501511277, 0.025342943501511277, 0.01860032550569635, 0.012555219716345037, 0.022087886538014415, 0.01488026040455708, 0.01860032550569635, 0.028132992327365727, 0.02185538246919321, 0.018367821436875147, 0.0213903743315508, 0.01953034178098117, 0.02441292722622646, 0.021622878400372008, 0.017205301092769125, 0.018367821436875147, 0.021157870262729597, 0.019762845849802372, 0.030690537084398978, 0.01650778888630551], [0.037898163217856315, 0.07347128574750059, 0.04417577307602883, 0.058591025342943505, 0.05068588700302255, 0.0741687979539642, 0.13113229481515926, 0.0855614973262032, 0.07230876540339456, 0.09021157870262729, 0.08160892815624274, 0.08044640781213672, 0.04580330155777726, 0.04580330155777726, 0.051848407347128575, 0.053243431760055804, 0.050220878865380146, 0.039758195768425944, 0.03301557777261102, 0.028598000465008138, 0.022552894675656823, 0.014647756335735876, 0.029528016740292956, 0.025110439432690073, 0.02883050453382934, 0.03696814694257149, 0.032550569634968614, 0.02185538246919321, 0.02278539874447803, 0.029528016740292956, 0.030225528946756567, 0.028365496396186934, 0.017670309230411532, 0.018832829574517554, 0.019762845849802372, 0.019065333643338758, 0.02976052080911416, 0.01743780516159033], [0.038130667286677515, 0.050220878865380146, 0.031853057428505, 0.05533596837944664, 0.04975587072773774, 0.056033480585910254, 0.0855614973262032, 0.18553824691932108, 0.13996744943036504, 0.1378749128109742, 0.14601255521971634, 0.13531736805394096, 0.1006742617995815, 0.10253429435015113, 0.10346431062543594, 0.0962566844919786, 0.08300395256916997, 0.0904440827714485, 0.07393629388514299, 0.04743083003952569, 0.0372006510113927, 0.01441525226691467, 0.02394791908858405, 0.020925366193908394, 0.022552894675656823, 0.02976052080911416, 0.0372006510113927, 0.033945594047895836, 0.045105789351313645, 0.04045570797488956, 0.030690537084398978, 0.08416647291327599, 0.06277609858172518, 0.0741687979539642, 0.04580330155777726, 0.032550569634968614, 0.0692862125087189, 0.04092071611253197], [0.03627063473610788, 0.03999069983724715, 0.030458033015577774, 0.057428504998837476, 0.049290862590095325, 0.049058358521274124, 0.07230876540339456, 0.13996744943036504, 0.20623110904440828, 0.1704254824459428, 0.15043013252731924, 0.1543827016972797, 0.12834224598930483, 0.10927691234596605, 0.10462683096954196, 0.10811439200186003, 0.10160427807486631, 0.10578935131364799, 0.08137642408742153, 0.056265984654731455, 0.04603580562659847, 0.023715415019762844, 0.029528016740292956, 0.026272959776796095, 0.029063008602650545, 0.038130667286677515, 0.040688212043710766, 0.03836317135549872, 0.04743083003952569, 0.04464078121367124, 0.031853057428505, 0.0848639851197396, 0.0644036270634736, 0.0744013020227854, 0.046500813764240874, 0.029528016740292956, 0.07068123692164613, 0.03836317135549872], [0.04161822831899558, 0.05231341548477098, 0.031853057428505, 0.06626365961404325, 0.05091839107184376, 0.06603115554522204, 0.09021157870262729, 0.1378749128109742, 0.1704254824459428, 0.26830969541966987, 0.20971867007672634, 0.21134619855847478, 0.16647291327598232, 0.1546152057661009, 0.14531504301325274, 0.1497326203208556, 0.14089746570564984, 0.12415717275052314, 0.09811671704254825, 0.07207626133457336, 0.05812601720530109, 0.029295512671471752, 0.04719832597070449, 0.03906068356196234, 0.042315740525459195, 0.05649848872355266, 0.05394094396651941, 0.04998837479655894, 0.05766100906765868, 0.058823529411764705, 0.054405952104161825, 0.11067193675889328, 0.08323645663799116, 0.09462915601023018, 0.06812369216461288, 0.04975587072773774, 0.09718670076726342, 0.058823529411764705], [0.03603813066728668, 0.04580330155777726, 0.027202976052080913, 0.04719832597070449, 0.05068588700302255, 0.06556614740757963, 0.08160892815624274, 0.14601255521971634, 0.15043013252731924, 0.20971867007672634, 0.2920251104394327, 0.23017902813299232, 0.17740060451057893, 0.18763078353871193, 0.180888165542897, 0.1488026040455708, 0.1332248314345501, 0.1267147175075564, 0.10253429435015113, 0.07509881422924901, 0.06184608230644036, 0.03348058591025343, 0.05487096024180423, 0.043245756800744016, 0.04719832597070449, 0.057428504998837476, 0.06068356196233434, 0.058823529411764705, 0.06905370843989769, 0.06277609858172518, 0.05766100906765868, 0.12113461985584748, 0.08951406649616368, 0.10276679841897234, 0.07207626133457336, 0.057196000930016276, 0.10323180655661474, 0.061613578237619156], [0.037898163217856315, 0.04580330155777726, 0.029295512671471752, 0.05696349686119507, 0.04882585445245292, 0.05487096024180423, 0.08044640781213672, 0.13531736805394096, 0.1543827016972797, 0.21134619855847478, 0.23017902813299232, 0.32108811904208323, 0.2183213206231109, 0.19948849104859334, 0.2120437107649384, 0.19344338525924204, 0.16740292955126715, 0.1541501976284585, 0.12857475005812602, 0.09509416414787258, 0.08091141594977912, 0.03859567542431992, 0.06370611485701, 0.0530109276912346, 0.058591025342943505, 0.07509881422924901, 0.08277144850034876, 0.07161125319693094, 0.0799813996744943, 0.07951639153685189, 0.06626365961404325, 0.13229481515926528, 0.09509416414787258, 0.10369681469425715, 0.07533131829807022, 0.06417112299465241, 0.10881190420832365, 0.06277609858172518], [0.025342943501511277, 0.02069286212508719, 0.01488026040455708, 0.036503138804929086, 0.03324808184143223, 0.03301557777261102, 0.04580330155777726, 0.1006742617995815, 0.12834224598930483, 0.16647291327598232, 0.17740060451057893, 0.2183213206231109, 0.2664496628691002, 0.19576842594745408, 0.19390839339688445, 0.17461055568472447, 0.1585677749360614, 0.14461753080678913, 0.10904440827714484, 0.07509881422924901, 0.06835619623343409, 0.038130667286677515, 0.05417344803534062, 0.03999069983724715, 0.042315740525459195, 0.050453382934201346, 0.05208091141594978, 0.047663334108346896, 0.05487096024180423, 0.0583585212741223, 0.047663334108346896, 0.10904440827714484, 0.08137642408742153, 0.09160660311555452, 0.060451057893513134, 0.047663334108346896, 0.09393164380376656, 0.05208091141594978], [0.03231806556614741, 0.03208556149732621, 0.015577772611020693, 0.030458033015577774, 0.029295512671471752, 0.038130667286677515, 0.04580330155777726, 0.10253429435015113, 0.10927691234596605, 0.1546152057661009, 0.18763078353871193, 0.19948849104859334, 0.19576842594745408, 0.2869100209253662, 0.2232039060683562, 0.18856079981399673, 0.17368053940943967, 0.1636828644501279, 0.12624970936991398, 0.08951406649616368, 0.07742385491746105, 0.04022320390606836, 0.060451057893513134, 0.042083236456637994, 0.04836084631481051, 0.054638456172983026, 0.06603115554522204, 0.06068356196233434, 0.06742617995814927, 0.057196000930016276, 0.05556847244826785, 0.11136944896535689, 0.08602650546384562, 0.09858172518019065, 0.06789118809579167, 0.05068588700302255, 0.09858172518019065, 0.054405952104161825], [0.04138572425017438, 0.0374331550802139, 0.019762845849802372, 0.026737967914438502, 0.025342943501511277, 0.03301557777261102, 0.051848407347128575, 0.10346431062543594, 0.10462683096954196, 0.14531504301325274, 0.180888165542897, 0.2120437107649384, 0.19390839339688445, 0.2232039060683562, 0.3259707044873285, 0.22994652406417113, 0.18879330388281795, 0.1971634503603813, 0.14996512438967682, 0.09858172518019065, 0.09369913973494536, 0.050220878865380146, 0.07370378981632178, 0.054638456172983026, 0.05928853754940711, 0.07509881422924901, 0.08091141594977912, 0.06579865147640084, 0.07323878167867938, 0.0792838874680307, 0.07068123692164613, 0.12857475005812602, 0.09462915601023018, 0.10532434317600559, 0.07626133457335503, 0.0639386189258312, 0.10788188793303882, 0.0639386189258312], [0.03162055335968379, 0.03348058591025343, 0.0213903743315508, 0.0425482445942804, 0.030458033015577774, 0.03836317135549872, 0.053243431760055804, 0.0962566844919786, 0.10811439200186003, 0.1497326203208556, 0.1488026040455708, 0.19344338525924204, 0.17461055568472447, 0.18856079981399673, 0.22994652406417113, 0.31760055800976517, 0.22157637758660775, 0.19483840967216925, 0.17251801906533365, 0.13438735177865613, 0.09974424552429667, 0.05091839107184376, 0.09137409904673331, 0.06719367588932806, 0.06300860265054639, 0.0741687979539642, 0.0799813996744943, 0.061613578237619156, 0.06417112299465241, 0.06603115554522204, 0.07370378981632178, 0.12741222971402, 0.10160427807486631, 0.11904208323645664, 0.08277144850034876, 0.06765868402697048, 0.11415949779121135, 0.06742617995814927], [0.024180423157405255, 0.027900488258544524, 0.015345268542199489, 0.03766565914903511, 0.0265054638456173, 0.03348058591025343, 0.050220878865380146, 0.08300395256916997, 0.10160427807486631, 0.14089746570564984, 0.1332248314345501, 0.16740292955126715, 0.1585677749360614, 0.17368053940943967, 0.18879330388281795, 0.22157637758660775, 0.2945826551964659, 0.21436875145315043, 0.1704254824459428, 0.13624738432922576, 0.11067193675889328, 0.05928853754940711, 0.08974657056498489, 0.0639386189258312, 0.06324110671936758, 0.07533131829807022, 0.07881887933038828, 0.05696349686119507, 0.060451057893513134, 0.05766100906765868, 0.061381074168797956, 0.11973959544292025, 0.08788653801441525, 0.10090676586840269, 0.06975122064636131, 0.05812601720530109, 0.10206928621250871, 0.06207858637526157], [0.029528016740292956, 0.02185538246919321, 0.016972797023947918, 0.03348058591025343, 0.031155545222041385, 0.026272959776796095, 0.039758195768425944, 0.0904440827714485, 0.10578935131364799, 0.12415717275052314, 0.1267147175075564, 0.1541501976284585, 0.14461753080678913, 0.1636828644501279, 0.1971634503603813, 0.19483840967216925, 0.21436875145315043, 0.29597767960939314, 0.18414322250639387, 0.1325273192280865, 0.12903975819576843, 0.07463380609160661, 0.08463148105091839, 0.06324110671936758, 0.061613578237619156, 0.07672634271099744, 0.07161125319693094, 0.05161590327830737, 0.05580097651708905, 0.05789351313647989, 0.04998837479655894, 0.11369448965356893, 0.08672401767030923, 0.09648918856079981, 0.061381074168797956, 0.05115089514066496, 0.09346663566612416, 0.05370843989769821], [0.02232039060683562, 0.023017902813299233, 0.015810276679841896, 0.026970471983259706, 0.025342943501511277, 0.025342943501511277, 0.03301557777261102, 0.07393629388514299, 0.08137642408742153, 0.09811671704254825, 0.10253429435015113, 0.12857475005812602, 0.10904440827714484, 0.12624970936991398, 0.14996512438967682, 0.17251801906533365, 0.1704254824459428, 0.18414322250639387, 0.25203441060218557, 0.16810044175773076, 0.12206463613113229, 0.06905370843989769, 0.09904673331783306, 0.06765868402697048, 0.06231109044408277, 0.0639386189258312, 0.07207626133457336, 0.05789351313647989, 0.051848407347128575, 0.04580330155777726, 0.04696582190188328, 0.1006742617995815, 0.07788886305510347, 0.09253661939083933, 0.061613578237619156, 0.05161590327830737, 0.09346663566612416, 0.053475935828877004], [0.013485235991629853, 0.019065333643338758, 0.01441525226691467, 0.025110439432690073, 0.023715415019762844, 0.025342943501511277, 0.028598000465008138, 0.04743083003952569, 0.056265984654731455, 0.07207626133457336, 0.07509881422924901, 0.09509416414787258, 0.07509881422924901, 0.08951406649616368, 0.09858172518019065, 0.13438735177865613, 0.13624738432922576, 0.1325273192280865, 0.16810044175773076, 0.21971634503603812, 0.14159497791211345, 0.08230644036270635, 0.10811439200186003, 0.07951639153685189, 0.06998372471518252, 0.05952104161822832, 0.07556382236689142, 0.057196000930016276, 0.0427807486631016, 0.03882817949314113, 0.0481283422459893, 0.0792838874680307, 0.06277609858172518, 0.07323878167867938, 0.05533596837944664, 0.04952336665891653, 0.07323878167867938, 0.03696814694257149], [0.016275284817484307, 0.01650778888630551, 0.01488026040455708, 0.029063008602650545, 0.024180423157405255, 0.01860032550569635, 0.022552894675656823, 0.0372006510113927, 0.04603580562659847, 0.05812601720530109, 0.06184608230644036, 0.08091141594977912, 0.06835619623343409, 0.07742385491746105, 0.09369913973494536, 0.09974424552429667, 0.11067193675889328, 0.12903975819576843, 0.12206463613113229, 0.14159497791211345, 0.21018367821436876, 0.10090676586840269, 0.10462683096954196, 0.08439897698209718, 0.0748663101604278, 0.06951871657754011, 0.07207626133457336, 0.05231341548477098, 0.036503138804929086, 0.039525691699604744, 0.043478260869565216, 0.06858870030225529, 0.047663334108346896, 0.05766100906765868, 0.045105789351313645, 0.04115322018135317, 0.05952104161822832, 0.03510811439200186], [0.008602650546384562, 0.009532666821669379, 0.010927691234596606, 0.016972797023947918, 0.016275284817484307, 0.012555219716345037, 0.014647756335735876, 0.01441525226691467, 0.023715415019762844, 0.029295512671471752, 0.03348058591025343, 0.03859567542431992, 0.038130667286677515, 0.04022320390606836, 0.050220878865380146, 0.05091839107184376, 0.05928853754940711, 0.07463380609160661, 0.06905370843989769, 0.08230644036270635, 0.10090676586840269, 0.1429900023250407, 0.10020925366193909, 0.07626133457335503, 0.06789118809579167, 0.06068356196233434, 0.05138339920948617, 0.03673564287375029, 0.025110439432690073, 0.023017902813299233, 0.03208556149732621, 0.03324808184143223, 0.02441292722622646, 0.029063008602650545, 0.029528016740292956, 0.027900488258544524, 0.03603813066728668, 0.017670309230411532], [0.0106951871657754, 0.016972797023947918, 0.013020227853987446, 0.017902813299232736, 0.019995349918623576, 0.022087886538014415, 0.029528016740292956, 0.02394791908858405, 0.029528016740292956, 0.04719832597070449, 0.05487096024180423, 0.06370611485701, 0.05417344803534062, 0.060451057893513134, 0.07370378981632178, 0.09137409904673331, 0.08974657056498489, 0.08463148105091839, 0.09904673331783306, 0.10811439200186003, 0.10462683096954196, 0.10020925366193909, 0.19809346663566613, 0.1225296442687747, 0.10044175773076029, 0.08951406649616368, 0.09114159497791212, 0.06556614740757963, 0.04045570797488956, 0.04161822831899558, 0.05510346431062543, 0.05905603348058591, 0.04045570797488956, 0.04836084631481051, 0.0425482445942804, 0.04464078121367124, 0.05905603348058591, 0.030690537084398978], [0.008137642408742153, 0.012090211578702627, 0.010462683096954197, 0.01813531736805394, 0.016275284817484307, 0.01488026040455708, 0.025110439432690073, 0.020925366193908394, 0.026272959776796095, 0.03906068356196234, 0.043245756800744016, 0.0530109276912346, 0.03999069983724715, 0.042083236456637994, 0.054638456172983026, 0.06719367588932806, 0.0639386189258312, 0.06324110671936758, 0.06765868402697048, 0.07951639153685189, 0.08439897698209718, 0.07626133457335503, 0.1225296442687747, 0.15252266914671006, 0.11555452220413857, 0.08532899325738201, 0.0850964891885608, 0.06277609858172518, 0.03580562659846547, 0.03487561032318066, 0.046500813764240874, 0.050453382934201346, 0.03603813066728668, 0.04045570797488956, 0.03580562659846547, 0.03557312252964427, 0.043478260869565216, 0.0213903743315508], [0.0106951871657754, 0.016740292955126714, 0.013950244129272262, 0.02232039060683562, 0.02069286212508719, 0.01860032550569635, 0.02883050453382934, 0.022552894675656823, 0.029063008602650545, 0.042315740525459195, 0.04719832597070449, 0.058591025342943505, 0.042315740525459195, 0.04836084631481051, 0.05928853754940711, 0.06300860265054639, 0.06324110671936758, 0.061613578237619156, 0.06231109044408277, 0.06998372471518252, 0.0748663101604278, 0.06789118809579167, 0.10044175773076029, 0.11555452220413857, 0.1539176935596373, 0.10160427807486631, 0.09207161125319693, 0.0692862125087189, 0.04603580562659847, 0.043245756800744016, 0.05068588700302255, 0.054405952104161825, 0.03929318763078354, 0.043245756800744016, 0.04185073238781679, 0.03603813066728668, 0.044873285282492445, 0.02232039060683562], [0.013717740060451058, 0.01813531736805394, 0.015345268542199489, 0.028132992327365727, 0.023715415019762844, 0.028132992327365727, 0.03696814694257149, 0.02976052080911416, 0.038130667286677515, 0.05649848872355266, 0.057428504998837476, 0.07509881422924901, 0.050453382934201346, 0.054638456172983026, 0.07509881422924901, 0.0741687979539642, 0.07533131829807022, 0.07672634271099744, 0.0639386189258312, 0.05952104161822832, 0.06951871657754011, 0.06068356196233434, 0.08951406649616368, 0.08532899325738201, 0.10160427807486631, 0.19321088119042082, 0.12136712392466868, 0.09416414787258777, 0.07951639153685189, 0.07602883050453382, 0.06696117182050686, 0.07719135084863984, 0.05556847244826785, 0.060451057893513134, 0.05556847244826785, 0.04975587072773774, 0.06347361078818879, 0.03417809811671704], [0.018367821436875147, 0.019995349918623576, 0.016972797023947918, 0.025342943501511277, 0.022087886538014415, 0.02185538246919321, 0.032550569634968614, 0.0372006510113927, 0.040688212043710766, 0.05394094396651941, 0.06068356196233434, 0.08277144850034876, 0.05208091141594978, 0.06603115554522204, 0.08091141594977912, 0.0799813996744943, 0.07881887933038828, 0.07161125319693094, 0.07207626133457336, 0.07556382236689142, 0.07207626133457336, 0.05138339920948617, 0.09114159497791212, 0.0850964891885608, 0.09207161125319693, 0.12136712392466868, 0.20692862125087189, 0.1325273192280865, 0.10230179028132992, 0.08649151360148803, 0.08928156242734248, 0.09741920483608463, 0.06951871657754011, 0.07091374099046734, 0.05998604975587073, 0.05673099279237387, 0.06951871657754011, 0.033945594047895836], [0.008602650546384562, 0.012322715647523831, 0.00906765868402697, 0.016275284817484307, 0.015577772611020693, 0.018367821436875147, 0.02185538246919321, 0.033945594047895836, 0.03836317135549872, 0.04998837479655894, 0.058823529411764705, 0.07161125319693094, 0.047663334108346896, 0.06068356196233434, 0.06579865147640084, 0.061613578237619156, 0.05696349686119507, 0.05161590327830737, 0.05789351313647989, 0.057196000930016276, 0.05231341548477098, 0.03673564287375029, 0.06556614740757963, 0.06277609858172518, 0.0692862125087189, 0.09416414787258777, 0.1325273192280865, 0.17089049058358521, 0.11439200186003255, 0.08602650546384562, 0.08649151360148803, 0.0957916763543362, 0.06951871657754011, 0.07044873285282492, 0.05696349686119507, 0.05231341548477098, 0.054405952104161825, 0.026970471983259706], [0.008370146477563357, 0.01116019530341781, 0.008602650546384562, 0.01488026040455708, 0.016275284817484307, 0.0213903743315508, 0.02278539874447803, 0.045105789351313645, 0.04743083003952569, 0.05766100906765868, 0.06905370843989769, 0.0799813996744943, 0.05487096024180423, 0.06742617995814927, 0.07323878167867938, 0.06417112299465241, 0.060451057893513134, 0.05580097651708905, 0.051848407347128575, 0.0427807486631016, 0.036503138804929086, 0.025110439432690073, 0.04045570797488956, 0.03580562659846547, 0.04603580562659847, 0.07951639153685189, 0.10230179028132992, 0.11439200186003255, 0.16624040920716113, 0.10857940013950244, 0.08974657056498489, 0.10997442455242967, 0.08044640781213672, 0.08021390374331551, 0.06091606603115555, 0.05068588700302255, 0.06533364333875843, 0.03301557777261102], [0.016740292955126714, 0.020925366193908394, 0.013485235991629853, 0.016275284817484307, 0.015112764473378284, 0.01953034178098117, 0.029528016740292956, 0.04045570797488956, 0.04464078121367124, 0.058823529411764705, 0.06277609858172518, 0.07951639153685189, 0.0583585212741223, 0.057196000930016276, 0.0792838874680307, 0.06603115554522204, 0.05766100906765868, 0.05789351313647989, 0.04580330155777726, 0.03882817949314113, 0.039525691699604744, 0.023017902813299233, 0.04161822831899558, 0.03487561032318066, 0.043245756800744016, 0.07602883050453382, 0.08649151360148803, 0.08602650546384562, 0.10857940013950244, 0.16996047430830039, 0.1167170425482446, 0.12299465240641712, 0.08718902580795164, 0.08067891188095792, 0.06091606603115555, 0.054405952104161825, 0.06742617995814927, 0.033713089979074636], [0.01441525226691467, 0.01743780516159033, 0.014647756335735876, 0.0213903743315508, 0.016740292955126714, 0.02441292722622646, 0.030225528946756567, 0.030690537084398978, 0.031853057428505, 0.054405952104161825, 0.05766100906765868, 0.06626365961404325, 0.047663334108346896, 0.05556847244826785, 0.07068123692164613, 0.07370378981632178, 0.061381074168797956, 0.04998837479655894, 0.04696582190188328, 0.0481283422459893, 0.043478260869565216, 0.03208556149732621, 0.05510346431062543, 0.046500813764240874, 0.05068588700302255, 0.06696117182050686, 0.08928156242734248, 0.08649151360148803, 0.08974657056498489, 0.1167170425482446, 0.17949314112996978, 0.13578237619158334, 0.10695187165775401, 0.10090676586840269, 0.08207393629388514, 0.07021622878400371, 0.08021390374331551, 0.04092071611253197], [0.021622878400372008, 0.017902813299232736, 0.009765170890490584, 0.016740292955126714, 0.016275284817484307, 0.021622878400372008, 0.028365496396186934, 0.08416647291327599, 0.0848639851197396, 0.11067193675889328, 0.12113461985584748, 0.13229481515926528, 0.10904440827714484, 0.11136944896535689, 0.12857475005812602, 0.12741222971402, 0.11973959544292025, 0.11369448965356893, 0.1006742617995815, 0.0792838874680307, 0.06858870030225529, 0.03324808184143223, 0.05905603348058591, 0.050453382934201346, 0.054405952104161825, 0.07719135084863984, 0.09741920483608463, 0.0957916763543362, 0.10997442455242967, 0.12299465240641712, 0.13578237619158334, 0.2552894675656824, 0.17856312485468495, 0.17461055568472447, 0.11764705882352941, 0.09137409904673331, 0.12601720530109278, 0.06603115554522204], [0.01743780516159033, 0.012555219716345037, 0.00744013020227854, 0.015345268542199489, 0.01116019530341781, 0.017205301092769125, 0.017670309230411532, 0.06277609858172518, 0.0644036270634736, 0.08323645663799116, 0.08951406649616368, 0.09509416414787258, 0.08137642408742153, 0.08602650546384562, 0.09462915601023018, 0.10160427807486631, 0.08788653801441525, 0.08672401767030923, 0.07788886305510347, 0.06277609858172518, 0.047663334108346896, 0.02441292722622646, 0.04045570797488956, 0.03603813066728668, 0.03929318763078354, 0.05556847244826785, 0.06951871657754011, 0.06951871657754011, 0.08044640781213672, 0.08718902580795164, 0.10695187165775401, 0.17856312485468495, 0.20483608463148106, 0.1762380841664729, 0.12299465240641712, 0.0906765868402697, 0.11532201813531737, 0.061613578237619156], [0.01743780516159033, 0.012090211578702627, 0.008602650546384562, 0.01929783771215996, 0.012090211578702627, 0.018367821436875147, 0.018832829574517554, 0.0741687979539642, 0.0744013020227854, 0.09462915601023018, 0.10276679841897234, 0.10369681469425715, 0.09160660311555452, 0.09858172518019065, 0.10532434317600559, 0.11904208323645664, 0.10090676586840269, 0.09648918856079981, 0.09253661939083933, 0.07323878167867938, 0.05766100906765868, 0.029063008602650545, 0.04836084631481051, 0.04045570797488956, 0.043245756800744016, 0.060451057893513134, 0.07091374099046734, 0.07044873285282492, 0.08021390374331551, 0.08067891188095792, 0.10090676586840269, 0.17461055568472447, 0.1762380841664729, 0.22459893048128343, 0.14159497791211345, 0.10834689607068124, 0.13508486398511974, 0.07788886305510347], [0.01325273192280865, 0.012555219716345037, 0.0106951871657754, 0.020925366193908394, 0.015345268542199489, 0.021157870262729597, 0.019762845849802372, 0.04580330155777726, 0.046500813764240874, 0.06812369216461288, 0.07207626133457336, 0.07533131829807022, 0.060451057893513134, 0.06789118809579167, 0.07626133457335503, 0.08277144850034876, 0.06975122064636131, 0.061381074168797956, 0.061613578237619156, 0.05533596837944664, 0.045105789351313645, 0.029528016740292956, 0.0425482445942804, 0.03580562659846547, 0.04185073238781679, 0.05556847244826785, 0.05998604975587073, 0.05696349686119507, 0.06091606603115555, 0.06091606603115555, 0.08207393629388514, 0.11764705882352941, 0.12299465240641712, 0.14159497791211345, 0.18298070216228784, 0.11299697744710532, 0.12043710764938387, 0.07254126947221576], [0.009532666821669379, 0.010462683096954197, 0.010462683096954197, 0.01860032550569635, 0.014647756335735876, 0.019762845849802372, 0.019065333643338758, 0.032550569634968614, 0.029528016740292956, 0.04975587072773774, 0.057196000930016276, 0.06417112299465241, 0.047663334108346896, 0.05068588700302255, 0.0639386189258312, 0.06765868402697048, 0.05812601720530109, 0.05115089514066496, 0.05161590327830737, 0.04952336665891653, 0.04115322018135317, 0.027900488258544524, 0.04464078121367124, 0.03557312252964427, 0.03603813066728668, 0.04975587072773774, 0.05673099279237387, 0.05231341548477098, 0.05068588700302255, 0.054405952104161825, 0.07021622878400371, 0.09137409904673331, 0.0906765868402697, 0.10834689607068124, 0.11299697744710532, 0.16717042548244596, 0.12322715647523831, 0.07835387119274587], [0.02232039060683562, 0.019065333643338758, 0.01488026040455708, 0.02976052080911416, 0.022087886538014415, 0.030690537084398978, 0.02976052080911416, 0.0692862125087189, 0.07068123692164613, 0.09718670076726342, 0.10323180655661474, 0.10881190420832365, 0.09393164380376656, 0.09858172518019065, 0.10788188793303882, 0.11415949779121135, 0.10206928621250871, 0.09346663566612416, 0.09346663566612416, 0.07323878167867938, 0.05952104161822832, 0.03603813066728668, 0.05905603348058591, 0.043478260869565216, 0.044873285282492445, 0.06347361078818879, 0.06951871657754011, 0.054405952104161825, 0.06533364333875843, 0.06742617995814927, 0.08021390374331551, 0.12601720530109278, 0.11532201813531737, 0.13508486398511974, 0.12043710764938387, 0.12322715647523831, 0.24226923971169495, 0.1339223436410137], [0.013950244129272262, 0.01116019530341781, 0.00906765868402697, 0.01953034178098117, 0.011392699372239015, 0.01650778888630551, 0.01743780516159033, 0.04092071611253197, 0.03836317135549872, 0.058823529411764705, 0.061613578237619156, 0.06277609858172518, 0.05208091141594978, 0.054405952104161825, 0.0639386189258312, 0.06742617995814927, 0.06207858637526157, 0.05370843989769821, 0.053475935828877004, 0.03696814694257149, 0.03510811439200186, 0.017670309230411532, 0.030690537084398978, 0.0213903743315508, 0.02232039060683562, 0.03417809811671704, 0.033945594047895836, 0.026970471983259706, 0.03301557777261102, 0.033713089979074636, 0.04092071611253197, 0.06603115554522204, 0.061613578237619156, 0.07788886305510347, 0.07254126947221576, 0.07835387119274587, 0.1339223436410137, 0.13578237619158334]], [[0.07951639153685189, 0.0530109276912346, 0.037898163217856315, 0.03510811439200186, 0.019065333643338758, 0.019995349918623576, 0.03906068356196234, 0.033945594047895836, 0.03696814694257149, 0.039758195768425944, 0.031853057428505, 0.04185073238781679, 0.026970471983259706, 0.028132992327365727, 0.03882817949314113, 0.03162055335968379, 0.025342943501511277, 0.027435480120902116, 0.02022785398744478, 0.01325273192280865, 0.016042780748663103, 0.008370146477563357, 0.012322715647523831, 0.008835154615205766, 0.0106951871657754, 0.015810276679841896, 0.01813531736805394, 0.009532666821669379, 0.013950244129272262, 0.019995349918623576, 0.013950244129272262, 0.020460358056265986, 0.018367821436875147, 0.018832829574517554, 0.016275284817484307, 0.013020227853987446, 0.02022785398744478, 0.01278772378516624], [0.0530109276912346, 0.10020925366193909, 0.05091839107184376, 0.050453382934201346, 0.029993024877935363, 0.0481283422459893, 0.0797488956056731, 0.05556847244826785, 0.04673331783306208, 0.05812601720530109, 0.04626830969541967, 0.05091839107184376, 0.026272959776796095, 0.03441060218553825, 0.04185073238781679, 0.03882817949314113, 0.032550569634968614, 0.02557544757033248, 0.025342943501511277, 0.020925366193908394, 0.01929783771215996, 0.012555219716345037, 0.021622878400372008, 0.014647756335735876, 0.01860032550569635, 0.02278539874447803, 0.02278539874447803, 0.012090211578702627, 0.011857707509881422, 0.019995349918623576, 0.016275284817484307, 0.017902813299232736, 0.015577772611020693, 0.013717740060451058, 0.015112764473378284, 0.01441525226691467, 0.019065333643338758, 0.0106951871657754], [0.037898163217856315, 0.05091839107184376, 0.07626133457335503, 0.05254591955359219, 0.04464078121367124, 0.03999069983724715, 0.04743083003952569, 0.037898163217856315, 0.0372006510113927, 0.03208556149732621, 0.02604045570797489, 0.028598000465008138, 0.015577772611020693, 0.015810276679841896, 0.02185538246919321, 0.017902813299232736, 0.016275284817484307, 0.016740292955126714, 0.01325273192280865, 0.013485235991629853, 0.015810276679841896, 0.009765170890490584, 0.0106951871657754, 0.010462683096954197, 0.01488026040455708, 0.01860032550569635, 0.018832829574517554, 0.011857707509881422, 0.011625203441060218, 0.014647756335735876, 0.011857707509881422, 0.010462683096954197, 0.008835154615205766, 0.009765170890490584, 0.009300162752848175, 0.0076726342710997444, 0.011857707509881422, 0.005812601720530109], [0.03510811439200186, 0.050453382934201346, 0.05254591955359219, 0.1111369448965357, 0.0692862125087189, 0.050220878865380146, 0.06114857009997675, 0.05905603348058591, 0.06068356196233434, 0.06277609858172518, 0.04580330155777726, 0.057196000930016276, 0.03557312252964427, 0.031155545222041385, 0.03162055335968379, 0.04115322018135317, 0.03929318763078354, 0.03324808184143223, 0.025342943501511277, 0.02348291095094164, 0.02348291095094164, 0.01441525226691467, 0.015112764473378284, 0.01929783771215996, 0.022552894675656823, 0.02883050453382934, 0.025342943501511277, 0.016275284817484307, 0.016275284817484307, 0.01813531736805394, 0.020460358056265986, 0.01650778888630551, 0.015345268542199489, 0.018832829574517554, 0.017902813299232736, 0.017205301092769125, 0.02394791908858405, 0.015112764473378284], [0.019065333643338758, 0.029993024877935363, 0.04464078121367124, 0.0692862125087189, 0.10020925366193909, 0.06626365961404325, 0.05394094396651941, 0.05115089514066496, 0.05417344803534062, 0.05231341548477098, 0.047663334108346896, 0.04603580562659847, 0.031853057428505, 0.03162055335968379, 0.027900488258544524, 0.029993024877935363, 0.03138804929086259, 0.027900488258544524, 0.02022785398744478, 0.0213903743315508, 0.021157870262729597, 0.015112764473378284, 0.016972797023947918, 0.016740292955126714, 0.02022785398744478, 0.02604045570797489, 0.02441292722622646, 0.017902813299232736, 0.02069286212508719, 0.02278539874447803, 0.019762845849802372, 0.01929783771215996, 0.013485235991629853, 0.014182748198093467, 0.013020227853987446, 0.012555219716345037, 0.01813531736805394, 0.008137642408742153], [0.019995349918623576, 0.0481283422459893, 0.03999069983724715, 0.050220878865380146, 0.06626365961404325, 0.11578702627295978, 0.08091141594977912, 0.061381074168797956, 0.05998604975587073, 0.07137874912810974, 0.06370611485701, 0.05231341548477098, 0.035340618460823064, 0.04022320390606836, 0.03348058591025343, 0.0372006510113927, 0.039758195768425944, 0.023250406882120437, 0.020925366193908394, 0.023250406882120437, 0.017670309230411532, 0.016042780748663103, 0.024180423157405255, 0.013950244129272262, 0.015577772611020693, 0.030458033015577774, 0.022552894675656823, 0.018832829574517554, 0.022087886538014415, 0.024180423157405255, 0.024645431295047662, 0.024180423157405255, 0.01860032550569635, 0.01813531736805394, 0.018832829574517554, 0.018367821436875147, 0.024645431295047662, 0.013485235991629853], [0.03906068356196234, 0.0797488956056731, 0.04743083003952569, 0.06114857009997675, 0.05394094396651941, 0.08091141594977912, 0.13624738432922576, 0.08811904208323645, 0.08044640781213672, 0.08951406649616368, 0.07812136712392467, 0.07626133457335503, 0.0478958381771681, 0.04603580562659847, 0.05510346431062543, 0.05394094396651941, 0.053475935828877004, 0.03836317135549872, 0.032550569634968614, 0.027900488258544524, 0.023715415019762844, 0.016740292955126714, 0.028132992327365727, 0.02278539874447803, 0.02766798418972332, 0.03999069983724715, 0.032550569634968614, 0.021157870262729597, 0.02185538246919321, 0.028598000465008138, 0.027202976052080913, 0.02883050453382934, 0.02232039060683562, 0.02022785398744478, 0.02022785398744478, 0.021157870262729597, 0.0265054638456173, 0.014182748198093467], [0.033945594047895836, 0.05556847244826785, 0.037898163217856315, 0.05905603348058591, 0.05115089514066496, 0.061381074168797956, 0.08811904208323645, 0.16252034410602187, 0.1278772378516624, 0.1169495466170658, 0.11555452220413857, 0.11346198558474774, 0.0850964891885608, 0.08021390374331551, 0.08742152987677285, 0.07672634271099744, 0.06905370843989769, 0.07463380609160661, 0.05696349686119507, 0.03417809811671704, 0.033713089979074636, 0.01488026040455708, 0.01813531736805394, 0.018367821436875147, 0.023017902813299233, 0.032550569634968614, 0.03324808184143223, 0.028132992327365727, 0.04185073238781679, 0.03836317135549872, 0.02487793536386887, 0.061381074168797956, 0.0481283422459893, 0.053475935828877004, 0.03627063473610788, 0.029993024877935363, 0.04882585445245292, 0.029063008602650545], [0.03696814694257149, 0.04673331783306208, 0.0372006510113927, 0.06068356196233434, 0.05417344803534062, 0.05998604975587073, 0.08044640781213672, 0.1278772378516624, 0.19809346663566613, 0.15508021390374332, 0.13531736805394096, 0.1434550104626831, 0.11811206696117182, 0.09416414787258777, 0.0960241804231574, 0.08928156242734248, 0.08951406649616368, 0.08928156242734248, 0.06184608230644036, 0.043478260869565216, 0.04185073238781679, 0.022552894675656823, 0.02487793536386887, 0.02348291095094164, 0.029295512671471752, 0.039525691699604744, 0.03859567542431992, 0.03487561032318066, 0.04836084631481051, 0.047663334108346896, 0.031853057428505, 0.06719367588932806, 0.054405952104161825, 0.05975354568704953, 0.04138572425017438, 0.033713089979074636, 0.056033480585910254, 0.03092304115322018], [0.039758195768425944, 0.05812601720530109, 0.03208556149732621, 0.06277609858172518, 0.05231341548477098, 0.07137874912810974, 0.08951406649616368, 0.1169495466170658, 0.15508021390374332, 0.24552429667519182, 0.19065333643338758, 0.18786328760753312, 0.15136014880260404, 0.13647988839804698, 0.12903975819576843, 0.12415717275052314, 0.1281097419204836, 0.10044175773076029, 0.0748663101604278, 0.05952104161822832, 0.05277842362241339, 0.033945594047895836, 0.05091839107184376, 0.04022320390606836, 0.04115322018135317, 0.0583585212741223, 0.054638456172983026, 0.049058358521274124, 0.05952104161822832, 0.056033480585910254, 0.05161590327830737, 0.08974657056498489, 0.07161125319693094, 0.07742385491746105, 0.061381074168797956, 0.051848407347128575, 0.07463380609160661, 0.04417577307602883], [0.031853057428505, 0.04626830969541967, 0.02604045570797489, 0.04580330155777726, 0.047663334108346896, 0.06370611485701, 0.07812136712392467, 0.11555452220413857, 0.13531736805394096, 0.19065333643338758, 0.26761218321320623, 0.2073936293885143, 0.1646128807254127, 0.16926296210183678, 0.16600790513833993, 0.12345966054405952, 0.12415717275052314, 0.10764938386421763, 0.08067891188095792, 0.05905603348058591, 0.06254359451290398, 0.03999069983724715, 0.05556847244826785, 0.04185073238781679, 0.042315740525459195, 0.06091606603115555, 0.05998604975587073, 0.0530109276912346, 0.0644036270634736, 0.05975354568704953, 0.053243431760055804, 0.09323413159730295, 0.07323878167867938, 0.08184143222506395, 0.06324110671936758, 0.05766100906765868, 0.08416647291327599, 0.04673331783306208], [0.04185073238781679, 0.05091839107184376, 0.028598000465008138, 0.057196000930016276, 0.04603580562659847, 0.05231341548477098, 0.07626133457335503, 0.11346198558474774, 0.1434550104626831, 0.18786328760753312, 0.2073936293885143, 0.30155777726110206, 0.19739595442920252, 0.17763310857940015, 0.1962334340850965, 0.17275052313415484, 0.15903278307370378, 0.14089746570564984, 0.1062543594512904, 0.08091141594977912, 0.079283