{"rep": [[[0.048045219029674985, 0.037682524729156855, 0.036740461610927935, 0.030146019783325484, 0.019783325482807347, 0.016486104569006125, 0.024493641073951956, 0.02119642016015073, 0.015544041450777202, 0.015544041450777202, 0.015073009891662742, 0.0131888836552049, 0.007536504945831371, 0.011304757418747056, 0.009420631182289214, 0.0037682524729156855, 0.00706547338671691, 0.004710315591144607, 0.001413094677343382, 0.0023551577955723034, 0.001413094677343382, 0.004239284032030146, 0.006123410268487989, 0.0037682524729156855, 0.0037682524729156855, 0.004239284032030146, 0.00659444182760245, 0.009891662741403674, 0.011304757418747056, 0.011304757418747056, 0.00706547338671691, 0.008949599623174752, 0.008478568064060292, 0.0051813471502590676, 0.010833725859632595, 0.010833725859632595, 0.015073009891662742, 0.008949599623174752], [0.037682524729156855, 0.06641544983513896, 0.05134243994347621, 0.03626943005181347, 0.0263777673104098, 0.03579839849269901, 0.04992934526613283, 0.041921808761187, 0.023080546396608573, 0.023080546396608573, 0.022609514837494113, 0.01601507300989166, 0.016486104569006125, 0.02072538860103627, 0.017899199246349504, 0.006123410268487989, 0.007536504945831371, 0.006123410268487989, 0.0023551577955723034, 0.0037682524729156855, 0.0018841262364578427, 0.006123410268487989, 0.010362694300518135, 0.00659444182760245, 0.008949599623174752, 0.00706547338671691, 0.010833725859632595, 0.012246820536975978, 0.01460197833254828, 0.010362694300518135, 0.009420631182289214, 0.017899199246349504, 0.01413094677343382, 0.006123410268487989, 0.01601507300989166, 0.016486104569006125, 0.022609514837494113, 0.016486104569006125], [0.036740461610927935, 0.05134243994347621, 0.09043805934997645, 0.06641544983513896, 0.05887894488930758, 0.05605275553462082, 0.045690061234102686, 0.041921808761187, 0.024493641073951956, 0.02072538860103627, 0.019783325482807347, 0.017428167687235045, 0.012246820536975978, 0.015544041450777202, 0.018370230805463968, 0.0023551577955723034, 0.00659444182760245, 0.0051813471502590676, 0.003297220913801225, 0.0037682524729156855, 0.0037682524729156855, 0.004710315591144607, 0.009891662741403674, 0.006123410268487989, 0.00706547338671691, 0.00706547338671691, 0.00800753650494583, 0.010833725859632595, 0.013659915214319359, 0.015073009891662742, 0.02119642016015073, 0.02920395666509656, 0.01601507300989166, 0.019312293923692887, 0.0287329251059821, 0.03297220913801225, 0.036740461610927935, 0.0263777673104098], [0.030146019783325484, 0.03626943005181347, 0.06641544983513896, 0.09514837494112105, 0.07159679698539802, 0.05228450306170514, 0.041921808761187, 0.041921808761187, 0.03626943005181347, 0.031088082901554404, 0.022609514837494113, 0.025906735751295335, 0.011775788977861516, 0.011775788977861516, 0.016957136128120585, 0.006123410268487989, 0.009891662741403674, 0.011775788977861516, 0.00659444182760245, 0.007536504945831371, 0.00706547338671691, 0.007536504945831371, 0.01413094677343382, 0.008478568064060292, 0.008478568064060292, 0.007536504945831371, 0.011775788977861516, 0.012717852096090438, 0.017428167687235045, 0.019312293923692887, 0.026848798869524258, 0.023080546396608573, 0.01460197833254828, 0.022138483278379653, 0.025906735751295335, 0.02826189354686764, 0.03626943005181347, 0.024964672633066416], [0.019783325482807347, 0.0263777673104098, 0.05887894488930758, 0.07159679698539802, 0.10362694300518134, 0.07677814413565709, 0.054168629298162976, 0.047574187470560525, 0.037682524729156855, 0.030617051342439944, 0.024964672633066416, 0.025435704192180875, 0.01413094677343382, 0.010362694300518135, 0.01601507300989166, 0.0051813471502590676, 0.007536504945831371, 0.011304757418747056, 0.005652378709373528, 0.00706547338671691, 0.009420631182289214, 0.006123410268487989, 0.023080546396608573, 0.017899199246349504, 0.016486104569006125, 0.01601507300989166, 0.016957136128120585, 0.009891662741403674, 0.0131888836552049, 0.023080546396608573, 0.030617051342439944, 0.03485633537447009, 0.019312293923692887, 0.023551577955723033, 0.03155911446066886, 0.04050871408384362, 0.044276966556759306, 0.027319830428638718], [0.016486104569006125, 0.03579839849269901, 0.05605275553462082, 0.05228450306170514, 0.07677814413565709, 0.10927932171455487, 0.07442298634008479, 0.06170513424399435, 0.04286387187941592, 0.036740461610927935, 0.03344324069712671, 0.025906735751295335, 0.02166745171926519, 0.02072538860103627, 0.024964672633066416, 0.00800753650494583, 0.00800753650494583, 0.013659915214319359, 0.00659444182760245, 0.008949599623174752, 0.010833725859632595, 0.00800753650494583, 0.025906735751295335, 0.019312293923692887, 0.019783325482807347, 0.02025435704192181, 0.02166745171926519, 0.010362694300518135, 0.012246820536975978, 0.019783325482807347, 0.025906735751295335, 0.03579839849269901, 0.02072538860103627, 0.017428167687235045, 0.03438530381535563, 0.044276966556759306, 0.04380593499764484, 0.027790861987753178], [0.024493641073951956, 0.04992934526613283, 0.045690061234102686, 0.041921808761187, 0.054168629298162976, 0.07442298634008479, 0.09750353273669336, 0.07442298634008479, 0.05134243994347621, 0.04286387187941592, 0.039566650965614694, 0.03297220913801225, 0.024022609514837492, 0.024022609514837492, 0.024964672633066416, 0.008949599623174752, 0.008949599623174752, 0.012246820536975978, 0.0051813471502590676, 0.00800753650494583, 0.008478568064060292, 0.009891662741403674, 0.0263777673104098, 0.019312293923692887, 0.02072538860103627, 0.018841262364578427, 0.024022609514837492, 0.012246820536975978, 0.016486104569006125, 0.017428167687235045, 0.01460197833254828, 0.027319830428638718, 0.017899199246349504, 0.004239284032030146, 0.02072538860103627, 0.02967498822421102, 0.03344324069712671, 0.02072538860103627], [0.02119642016015073, 0.041921808761187, 0.041921808761187, 0.041921808761187, 0.047574187470560525, 0.06170513424399435, 0.07442298634008479, 0.10833725859632595, 0.07348092322185587, 0.05840791333019312, 0.06029203956665097, 0.04851625058878945, 0.03155911446066886, 0.03297220913801225, 0.039566650965614694, 0.012246820536975978, 0.011775788977861516, 0.01460197833254828, 0.00800753650494583, 0.011304757418747056, 0.01413094677343382, 0.010833725859632595, 0.02025435704192181, 0.009891662741403674, 0.012246820536975978, 0.01413094677343382, 0.022138483278379653, 0.017428167687235045, 0.024493641073951956, 0.022138483278379653, 0.02025435704192181, 0.0263777673104098, 0.022138483278379653, 0.015073009891662742, 0.0287329251059821, 0.03297220913801225, 0.04145077720207254, 0.024964672633066416], [0.015544041450777202, 0.023080546396608573, 0.024493641073951956, 0.03626943005181347, 0.037682524729156855, 0.04286387187941592, 0.05134243994347621, 0.07348092322185587, 0.13235986811116346, 0.10739519547809703, 0.09844559585492228, 0.08902496467263307, 0.0574658502119642, 0.054168629298162976, 0.05652378709373528, 0.03203014601978332, 0.017899199246349504, 0.022609514837494113, 0.012717852096090438, 0.01601507300989166, 0.018370230805463968, 0.012246820536975978, 0.025435704192180875, 0.01601507300989166, 0.018841262364578427, 0.017428167687235045, 0.02920395666509656, 0.018841262364578427, 0.03532736693358455, 0.03626943005181347, 0.024493641073951956, 0.024022609514837492, 0.01601507300989166, 0.016957136128120585, 0.017899199246349504, 0.019783325482807347, 0.0287329251059821, 0.011775788977861516], [0.015544041450777202, 0.023080546396608573, 0.02072538860103627, 0.031088082901554404, 0.030617051342439944, 0.036740461610927935, 0.04286387187941592, 0.05840791333019312, 0.10739519547809703, 0.1544983513895431, 0.13000471031559113, 0.11681582666038624, 0.07489401789919925, 0.06547338671691004, 0.06217616580310881, 0.047103155911446065, 0.024964672633066416, 0.02967498822421102, 0.01460197833254828, 0.02072538860103627, 0.026848798869524258, 0.02119642016015073, 0.038153556288271315, 0.024964672633066416, 0.030146019783325484, 0.0263777673104098, 0.03532736693358455, 0.022609514837494113, 0.039095619406500234, 0.044747998115873766, 0.025435704192180875, 0.024493641073951956, 0.017428167687235045, 0.017428167687235045, 0.01460197833254828, 0.018841262364578427, 0.024493641073951956, 0.009891662741403674], [0.015073009891662742, 0.022609514837494113, 0.019783325482807347, 0.022609514837494113, 0.024964672633066416, 0.03344324069712671, 0.039566650965614694, 0.06029203956665097, 0.09844559585492228, 0.13000471031559113, 0.16862929816297692, 0.131888836552049, 0.08808290155440414, 0.07159679698539802, 0.07442298634008479, 0.05322656617993406, 0.02920395666509656, 0.03155911446066886, 0.012717852096090438, 0.018841262364578427, 0.025906735751295335, 0.02025435704192181, 0.03532736693358455, 0.025435704192180875, 0.02967498822421102, 0.0287329251059821, 0.04380593499764484, 0.031088082901554404, 0.04239284032030146, 0.05087140838436175, 0.03344324069712671, 0.03297220913801225, 0.024493641073951956, 0.024493641073951956, 0.02025435704192181, 0.022609514837494113, 0.0287329251059821, 0.00800753650494583], [0.0131888836552049, 0.01601507300989166, 0.017428167687235045, 0.025906735751295335, 0.025435704192180875, 0.025906735751295335, 0.03297220913801225, 0.04851625058878945, 0.08902496467263307, 0.11681582666038624, 0.131888836552049, 0.18417333961375412, 0.10127178520960904, 0.07583608101742817, 0.09420631182289213, 0.07018370230805464, 0.044276966556759306, 0.03626943005181347, 0.019312293923692887, 0.024493641073951956, 0.04239284032030146, 0.026848798869524258, 0.054639660857277436, 0.03297220913801225, 0.036740461610927935, 0.04050871408384362, 0.05652378709373528, 0.03344324069712671, 0.047574187470560525, 0.07206782854451248, 0.05040037682524729, 0.053697597739048517, 0.036740461610927935, 0.03391427225624117, 0.024493641073951956, 0.026848798869524258, 0.030617051342439944, 0.008949599623174752], [0.007536504945831371, 0.016486104569006125, 0.012246820536975978, 0.011775788977861516, 0.01413094677343382, 0.02166745171926519, 0.024022609514837492, 0.03155911446066886, 0.0574658502119642, 0.07489401789919925, 0.08808290155440414, 0.10127178520960904, 0.12764955252001883, 0.09138012246820537, 0.08337258596325954, 0.06029203956665097, 0.030146019783325484, 0.027319830428638718, 0.01413094677343382, 0.0131888836552049, 0.018841262364578427, 0.01601507300989166, 0.02967498822421102, 0.017428167687235045, 0.024964672633066416, 0.025435704192180875, 0.02920395666509656, 0.01460197833254828, 0.026848798869524258, 0.02967498822421102, 0.026848798869524258, 0.036740461610927935, 0.02967498822421102, 0.019783325482807347, 0.024964672633066416, 0.02025435704192181, 0.027790861987753178, 0.0131888836552049], [0.011304757418747056, 0.02072538860103627, 0.015544041450777202, 0.011775788977861516, 0.010362694300518135, 0.02072538860103627, 0.024022609514837492, 0.03297220913801225, 0.054168629298162976, 0.06547338671691004, 0.07159679698539802, 0.07583608101742817, 0.09138012246820537, 0.12435233160621761, 0.09609043805934997, 0.06358926048045219, 0.04333490343853038, 0.03532736693358455, 0.017899199246349504, 0.02072538860103627, 0.017899199246349504, 0.024022609514837492, 0.03391427225624117, 0.02072538860103627, 0.024964672633066416, 0.0263777673104098, 0.02920395666509656, 0.012717852096090438, 0.024964672633066416, 0.027319830428638718, 0.02119642016015073, 0.03438530381535563, 0.02826189354686764, 0.02072538860103627, 0.0287329251059821, 0.022138483278379653, 0.03155911446066886, 0.016957136128120585], [0.009420631182289214, 0.017899199246349504, 0.018370230805463968, 0.016957136128120585, 0.01601507300989166, 0.024964672633066416, 0.024964672633066416, 0.039566650965614694, 0.05652378709373528, 0.06217616580310881, 0.07442298634008479, 0.09420631182289213, 0.08337258596325954, 0.09609043805934997, 0.17381064531323598, 0.09420631182289213, 0.06406029203956665, 0.05040037682524729, 0.03485633537447009, 0.03391427225624117, 0.037682524729156855, 0.0287329251059821, 0.05181347150259067, 0.025435704192180875, 0.031088082901554404, 0.04145077720207254, 0.05605275553462082, 0.025906735751295335, 0.04380593499764484, 0.05887894488930758, 0.047103155911446065, 0.06782854451248234, 0.05040037682524729, 0.04286387187941592, 0.05087140838436175, 0.04145077720207254, 0.053697597739048517, 0.025906735751295335], [0.0037682524729156855, 0.006123410268487989, 0.0023551577955723034, 0.006123410268487989, 0.0051813471502590676, 0.00800753650494583, 0.008949599623174752, 0.012246820536975978, 0.03203014601978332, 0.047103155911446065, 0.05322656617993406, 0.07018370230805464, 0.06029203956665097, 0.06358926048045219, 0.09420631182289213, 0.12246820536975978, 0.06358926048045219, 0.053697597739048517, 0.03203014601978332, 0.0287329251059821, 0.03297220913801225, 0.0287329251059821, 0.04286387187941592, 0.025906735751295335, 0.027319830428638718, 0.0287329251059821, 0.03203014601978332, 0.019783325482807347, 0.0263777673104098, 0.036740461610927935, 0.024493641073951956, 0.030146019783325484, 0.022609514837494113, 0.016486104569006125, 0.016486104569006125, 0.0131888836552049, 0.024493641073951956, 0.009891662741403674], [0.00706547338671691, 0.007536504945831371, 0.00659444182760245, 0.009891662741403674, 0.007536504945831371, 0.00800753650494583, 0.008949599623174752, 0.011775788977861516, 0.017899199246349504, 0.024964672633066416, 0.02920395666509656, 0.044276966556759306, 0.030146019783325484, 0.04333490343853038, 0.06406029203956665, 0.06358926048045219, 0.09514837494112105, 0.055110692416391896, 0.03203014601978332, 0.02967498822421102, 0.038153556288271315, 0.027790861987753178, 0.044747998115873766, 0.02025435704192181, 0.016957136128120585, 0.023551577955723033, 0.03155911446066886, 0.015073009891662742, 0.012717852096090438, 0.0263777673104098, 0.02119642016015073, 0.030146019783325484, 0.018841262364578427, 0.012246820536975978, 0.016486104569006125, 0.0131888836552049, 0.023080546396608573, 0.009891662741403674], [0.004710315591144607, 0.006123410268487989, 0.0051813471502590676, 0.011775788977861516, 0.011304757418747056, 0.013659915214319359, 0.012246820536975978, 0.01460197833254828, 0.022609514837494113, 0.02967498822421102, 0.03155911446066886, 0.03626943005181347, 0.027319830428638718, 0.03532736693358455, 0.05040037682524729, 0.053697597739048517, 0.055110692416391896, 0.09985869053226566, 0.04239284032030146, 0.04333490343853038, 0.045690061234102686, 0.03438530381535563, 0.047574187470560525, 0.027319830428638718, 0.02072538860103627, 0.024022609514837492, 0.038153556288271315, 0.022609514837494113, 0.022138483278379653, 0.023080546396608573, 0.022609514837494113, 0.017428167687235045, 0.011304757418747056, 0.009891662741403674, 0.013659915214319359, 0.016486104569006125, 0.02166745171926519, 0.010833725859632595], [0.001413094677343382, 0.0023551577955723034, 0.003297220913801225, 0.00659444182760245, 0.005652378709373528, 0.00659444182760245, 0.0051813471502590676, 0.00800753650494583, 0.012717852096090438, 0.01460197833254828, 0.012717852096090438, 0.019312293923692887, 0.01413094677343382, 0.017899199246349504, 0.03485633537447009, 0.03203014601978332, 0.03203014601978332, 0.04239284032030146, 0.0682995760715968, 0.045690061234102686, 0.038624587847385775, 0.026848798869524258, 0.03344324069712671, 0.022138483278379653, 0.02025435704192181, 0.016957136128120585, 0.015073009891662742, 0.0131888836552049, 0.011775788977861516, 0.01413094677343382, 0.010833725859632595, 0.012717852096090438, 0.00706547338671691, 0.00659444182760245, 0.008949599623174752, 0.00659444182760245, 0.01460197833254828, 0.008478568064060292], [0.0023551577955723034, 0.0037682524729156855, 0.0037682524729156855, 0.007536504945831371, 0.00706547338671691, 0.008949599623174752, 0.00800753650494583, 0.011304757418747056, 0.01601507300989166, 0.02072538860103627, 0.018841262364578427, 0.024493641073951956, 0.0131888836552049, 0.02072538860103627, 0.03391427225624117, 0.0287329251059821, 0.02967498822421102, 0.04333490343853038, 0.045690061234102686, 0.07630711257654263, 0.05040037682524729, 0.04145077720207254, 0.04097974564295808, 0.02920395666509656, 0.026848798869524258, 0.024964672633066416, 0.02166745171926519, 0.008478568064060292, 0.011304757418747056, 0.017428167687235045, 0.010362694300518135, 0.011775788977861516, 0.007536504945831371, 0.004710315591144607, 0.008478568064060292, 0.00800753650494583, 0.0131888836552049, 0.00706547338671691], [0.001413094677343382, 0.0018841262364578427, 0.0037682524729156855, 0.00706547338671691, 0.009420631182289214, 0.010833725859632595, 0.008478568064060292, 0.01413094677343382, 0.018370230805463968, 0.026848798869524258, 0.025906735751295335, 0.04239284032030146, 0.018841262364578427, 0.017899199246349504, 0.037682524729156855, 0.03297220913801225, 0.038153556288271315, 0.045690061234102686, 0.038624587847385775, 0.05040037682524729, 0.0993876589731512, 0.054639660857277436, 0.06406029203956665, 0.038624587847385775, 0.03391427225624117, 0.03344324069712671, 0.03579839849269901, 0.013659915214319359, 0.015073009891662742, 0.02826189354686764, 0.018841262364578427, 0.018370230805463968, 0.011775788977861516, 0.007536504945831371, 0.008478568064060292, 0.012717852096090438, 0.016486104569006125, 0.008949599623174752], [0.004239284032030146, 0.006123410268487989, 0.004710315591144607, 0.007536504945831371, 0.006123410268487989, 0.00800753650494583, 0.009891662741403674, 0.010833725859632595, 0.012246820536975978, 0.02119642016015073, 0.02025435704192181, 0.026848798869524258, 0.01601507300989166, 0.024022609514837492, 0.0287329251059821, 0.0287329251059821, 0.027790861987753178, 0.03438530381535563, 0.026848798869524258, 0.04145077720207254, 0.054639660857277436, 0.08761186999528968, 0.06877060763071126, 0.047574187470560525, 0.041921808761187, 0.03391427225624117, 0.026848798869524258, 0.011304757418747056, 0.013659915214319359, 0.016957136128120585, 0.010833725859632595, 0.013659915214319359, 0.00659444182760245, 0.008949599623174752, 0.012246820536975978, 0.012246820536975978, 0.01413094677343382, 0.00800753650494583], [0.006123410268487989, 0.010362694300518135, 0.009891662741403674, 0.01413094677343382, 0.023080546396608573, 0.025906735751295335, 0.0263777673104098, 0.02025435704192181, 0.025435704192180875, 0.038153556288271315, 0.03532736693358455, 0.054639660857277436, 0.02967498822421102, 0.03391427225624117, 0.05181347150259067, 0.04286387187941592, 0.044747998115873766, 0.047574187470560525, 0.03344324069712671, 0.04097974564295808, 0.06406029203956665, 0.06877060763071126, 0.14884597268016958, 0.08243052284503062, 0.07018370230805464, 0.06924163918982572, 0.0659444182760245, 0.024022609514837492, 0.024022609514837492, 0.041921808761187, 0.03344324069712671, 0.047103155911446065, 0.027790861987753178, 0.023080546396608573, 0.026848798869524258, 0.03438530381535563, 0.03203014601978332, 0.0131888836552049], [0.0037682524729156855, 0.00659444182760245, 0.006123410268487989, 0.008478568064060292, 0.017899199246349504, 0.019312293923692887, 0.019312293923692887, 0.009891662741403674, 0.01601507300989166, 0.024964672633066416, 0.025435704192180875, 0.03297220913801225, 0.017428167687235045, 0.02072538860103627, 0.025435704192180875, 0.025906735751295335, 0.02025435704192181, 0.027319830428638718, 0.022138483278379653, 0.02920395666509656, 0.038624587847385775, 0.047574187470560525, 0.08243052284503062, 0.09279321714554875, 0.0730098916627414, 0.0527555346208196, 0.038153556288271315, 0.016957136128120585, 0.015073009891662742, 0.025435704192180875, 0.02119642016015073, 0.027790861987753178, 0.013659915214319359, 0.010362694300518135, 0.01460197833254828, 0.019783325482807347, 0.016486104569006125, 0.006123410268487989], [0.0037682524729156855, 0.008949599623174752, 0.00706547338671691, 0.008478568064060292, 0.016486104569006125, 0.019783325482807347, 0.02072538860103627, 0.012246820536975978, 0.018841262364578427, 0.030146019783325484, 0.02967498822421102, 0.036740461610927935, 0.024964672633066416, 0.024964672633066416, 0.031088082901554404, 0.027319830428638718, 0.016957136128120585, 0.02072538860103627, 0.02025435704192181, 0.026848798869524258, 0.03391427225624117, 0.041921808761187, 0.07018370230805464, 0.0730098916627414, 0.09514837494112105, 0.06029203956665097, 0.044747998115873766, 0.018841262364578427, 0.022138483278379653, 0.030617051342439944, 0.024493641073951956, 0.02967498822421102, 0.016486104569006125, 0.012717852096090438, 0.015544041450777202, 0.02025435704192181, 0.018370230805463968, 0.00800753650494583], [0.004239284032030146, 0.00706547338671691, 0.00706547338671691, 0.007536504945831371, 0.01601507300989166, 0.02025435704192181, 0.018841262364578427, 0.01413094677343382, 0.017428167687235045, 0.0263777673104098, 0.0287329251059821, 0.04050871408384362, 0.025435704192180875, 0.0263777673104098, 0.04145077720207254, 0.0287329251059821, 0.023551577955723033, 0.024022609514837492, 0.016957136128120585, 0.024964672633066416, 0.03344324069712671, 0.03391427225624117, 0.06924163918982572, 0.0527555346208196, 0.06029203956665097, 0.10786622703721149, 0.06076307112576543, 0.03438530381535563, 0.03344324069712671, 0.04898728214790391, 0.03297220913801225, 0.039566650965614694, 0.024493641073951956, 0.02119642016015073, 0.025906735751295335, 0.03438530381535563, 0.03203014601978332, 0.0131888836552049], [0.00659444182760245, 0.010833725859632595, 0.00800753650494583, 0.011775788977861516, 0.016957136128120585, 0.02166745171926519, 0.024022609514837492, 0.022138483278379653, 0.02920395666509656, 0.03532736693358455, 0.04380593499764484, 0.05652378709373528, 0.02920395666509656, 0.02920395666509656, 0.05605275553462082, 0.03203014601978332, 0.03155911446066886, 0.038153556288271315, 0.015073009891662742, 0.02166745171926519, 0.03579839849269901, 0.026848798869524258, 0.0659444182760245, 0.038153556288271315, 0.044747998115873766, 0.06076307112576543, 0.12246820536975978, 0.04851625058878945, 0.0527555346208196, 0.06170513424399435, 0.053697597739048517, 0.05605275553462082, 0.039095619406500234, 0.03438530381535563, 0.03297220913801225, 0.04050871408384362, 0.03438530381535563, 0.0131888836552049], [0.009891662741403674, 0.012246820536975978, 0.010833725859632595, 0.012717852096090438, 0.009891662741403674, 0.010362694300518135, 0.012246820536975978, 0.017428167687235045, 0.018841262364578427, 0.022609514837494113, 0.031088082901554404, 0.03344324069712671, 0.01460197833254828, 0.012717852096090438, 0.025906735751295335, 0.019783325482807347, 0.015073009891662742, 0.022609514837494113, 0.0131888836552049, 0.008478568064060292, 0.013659915214319359, 0.011304757418747056, 0.024022609514837492, 0.016957136128120585, 0.018841262364578427, 0.03438530381535563, 0.04851625058878945, 0.07913330193122939, 0.06311822892133773, 0.0574658502119642, 0.045690061234102686, 0.038624587847385775, 0.026848798869524258, 0.030146019783325484, 0.0263777673104098, 0.02166745171926519, 0.024964672633066416, 0.012246820536975978], [0.011304757418747056, 0.01460197833254828, 0.013659915214319359, 0.017428167687235045, 0.0131888836552049, 0.012246820536975978, 0.016486104569006125, 0.024493641073951956, 0.03532736693358455, 0.039095619406500234, 0.04239284032030146, 0.047574187470560525, 0.026848798869524258, 0.024964672633066416, 0.04380593499764484, 0.0263777673104098, 0.012717852096090438, 0.022138483278379653, 0.011775788977861516, 0.011304757418747056, 0.015073009891662742, 0.013659915214319359, 0.024022609514837492, 0.015073009891662742, 0.022138483278379653, 0.03344324069712671, 0.0527555346208196, 0.06311822892133773, 0.10504003768252473, 0.08243052284503062, 0.06264719736222327, 0.055110692416391896, 0.04286387187941592, 0.04286387187941592, 0.03297220913801225, 0.023551577955723033, 0.03438530381535563, 0.018370230805463968], [0.011304757418747056, 0.010362694300518135, 0.015073009891662742, 0.019312293923692887, 0.023080546396608573, 0.019783325482807347, 0.017428167687235045, 0.022138483278379653, 0.03626943005181347, 0.044747998115873766, 0.05087140838436175, 0.07206782854451248, 0.02967498822421102, 0.027319830428638718, 0.05887894488930758, 0.036740461610927935, 0.0263777673104098, 0.023080546396608573, 0.01413094677343382, 0.017428167687235045, 0.02826189354686764, 0.016957136128120585, 0.041921808761187, 0.025435704192180875, 0.030617051342439944, 0.04898728214790391, 0.06170513424399435, 0.0574658502119642, 0.08243052284503062, 0.14272256241168157, 0.08761186999528968, 0.08902496467263307, 0.06170513424399435, 0.06358926048045219, 0.048045219029674985, 0.037682524729156855, 0.048045219029674985, 0.024022609514837492], [0.00706547338671691, 0.009420631182289214, 0.02119642016015073, 0.026848798869524258, 0.030617051342439944, 0.025906735751295335, 0.01460197833254828, 0.02025435704192181, 0.024493641073951956, 0.025435704192180875, 0.03344324069712671, 0.05040037682524729, 0.026848798869524258, 0.02119642016015073, 0.047103155911446065, 0.024493641073951956, 0.02119642016015073, 0.022609514837494113, 0.010833725859632595, 0.010362694300518135, 0.018841262364578427, 0.010833725859632595, 0.03344324069712671, 0.02119642016015073, 0.024493641073951956, 0.03297220913801225, 0.053697597739048517, 0.045690061234102686, 0.06264719736222327, 0.08761186999528968, 0.13518605746585022, 0.10268487988695242, 0.07018370230805464, 0.07489401789919925, 0.06217616580310881, 0.048045219029674985, 0.05181347150259067, 0.027319830428638718], [0.008949599623174752, 0.017899199246349504, 0.02920395666509656, 0.023080546396608573, 0.03485633537447009, 0.03579839849269901, 0.027319830428638718, 0.0263777673104098, 0.024022609514837492, 0.024493641073951956, 0.03297220913801225, 0.053697597739048517, 0.036740461610927935, 0.03438530381535563, 0.06782854451248234, 0.030146019783325484, 0.030146019783325484, 0.017428167687235045, 0.012717852096090438, 0.011775788977861516, 0.018370230805463968, 0.013659915214319359, 0.047103155911446065, 0.027790861987753178, 0.02967498822421102, 0.039566650965614694, 0.05605275553462082, 0.038624587847385775, 0.055110692416391896, 0.08902496467263307, 0.10268487988695242, 0.15638247762600094, 0.09656146961846444, 0.08007536504945831, 0.07677814413565709, 0.06688648139425342, 0.06971267074894018, 0.036740461610927935], [0.008478568064060292, 0.01413094677343382, 0.01601507300989166, 0.01460197833254828, 0.019312293923692887, 0.02072538860103627, 0.017899199246349504, 0.022138483278379653, 0.01601507300989166, 0.017428167687235045, 0.024493641073951956, 0.036740461610927935, 0.02967498822421102, 0.02826189354686764, 0.05040037682524729, 0.022609514837494113, 0.018841262364578427, 0.011304757418747056, 0.00706547338671691, 0.007536504945831371, 0.011775788977861516, 0.00659444182760245, 0.027790861987753178, 0.013659915214319359, 0.016486104569006125, 0.024493641073951956, 0.039095619406500234, 0.026848798869524258, 0.04286387187941592, 0.06170513424399435, 0.07018370230805464, 0.09656146961846444, 0.11398963730569948, 0.07489401789919925, 0.06500235515779557, 0.05087140838436175, 0.05840791333019312, 0.031088082901554404], [0.0051813471502590676, 0.006123410268487989, 0.019312293923692887, 0.022138483278379653, 0.023551577955723033, 0.017428167687235045, 0.004239284032030146, 0.015073009891662742, 0.016957136128120585, 0.017428167687235045, 0.024493641073951956, 0.03391427225624117, 0.019783325482807347, 0.02072538860103627, 0.04286387187941592, 0.016486104569006125, 0.012246820536975978, 0.009891662741403674, 0.00659444182760245, 0.004710315591144607, 0.007536504945831371, 0.008949599623174752, 0.023080546396608573, 0.010362694300518135, 0.012717852096090438, 0.02119642016015073, 0.03438530381535563, 0.030146019783325484, 0.04286387187941592, 0.06358926048045219, 0.07489401789919925, 0.08007536504945831, 0.07489401789919925, 0.11964201601507302, 0.08054639660857277, 0.06547338671691004, 0.07253886010362694, 0.04097974564295808], [0.010833725859632595, 0.01601507300989166, 0.0287329251059821, 0.025906735751295335, 0.03155911446066886, 0.03438530381535563, 0.02072538860103627, 0.0287329251059821, 0.017899199246349504, 0.01460197833254828, 0.02025435704192181, 0.024493641073951956, 0.024964672633066416, 0.0287329251059821, 0.05087140838436175, 0.016486104569006125, 0.016486104569006125, 0.013659915214319359, 0.008949599623174752, 0.008478568064060292, 0.008478568064060292, 0.012246820536975978, 0.026848798869524258, 0.01460197833254828, 0.015544041450777202, 0.025906735751295335, 0.03297220913801225, 0.0263777673104098, 0.03297220913801225, 0.048045219029674985, 0.06217616580310881, 0.07677814413565709, 0.06500235515779557, 0.08054639660857277, 0.13094677343382008, 0.08761186999528968, 0.09090909090909091, 0.0574658502119642], [0.010833725859632595, 0.016486104569006125, 0.03297220913801225, 0.02826189354686764, 0.04050871408384362, 0.044276966556759306, 0.02967498822421102, 0.03297220913801225, 0.019783325482807347, 0.018841262364578427, 0.022609514837494113, 0.026848798869524258, 0.02025435704192181, 0.022138483278379653, 0.04145077720207254, 0.0131888836552049, 0.0131888836552049, 0.016486104569006125, 0.00659444182760245, 0.00800753650494583, 0.012717852096090438, 0.012246820536975978, 0.03438530381535563, 0.019783325482807347, 0.02025435704192181, 0.03438530381535563, 0.04050871408384362, 0.02166745171926519, 0.023551577955723033, 0.037682524729156855, 0.048045219029674985, 0.06688648139425342, 0.05087140838436175, 0.06547338671691004, 0.08761186999528968, 0.1290626471973622, 0.10315591144606688, 0.06641544983513896], [0.015073009891662742, 0.022609514837494113, 0.036740461610927935, 0.03626943005181347, 0.044276966556759306, 0.04380593499764484, 0.03344324069712671, 0.04145077720207254, 0.0287329251059821, 0.024493641073951956, 0.0287329251059821, 0.030617051342439944, 0.027790861987753178, 0.03155911446066886, 0.053697597739048517, 0.024493641073951956, 0.023080546396608573, 0.02166745171926519, 0.01460197833254828, 0.0131888836552049, 0.016486104569006125, 0.01413094677343382, 0.03203014601978332, 0.016486104569006125, 0.018370230805463968, 0.03203014601978332, 0.03438530381535563, 0.024964672633066416, 0.03438530381535563, 0.048045219029674985, 0.05181347150259067, 0.06971267074894018, 0.05840791333019312, 0.07253886010362694, 0.09090909090909091, 0.10315591144606688, 0.16627414036740462, 0.09279321714554875], [0.008949599623174752, 0.016486104569006125, 0.0263777673104098, 0.024964672633066416, 0.027319830428638718, 0.027790861987753178, 0.02072538860103627, 0.024964672633066416, 0.011775788977861516, 0.009891662741403674, 0.00800753650494583, 0.008949599623174752, 0.0131888836552049, 0.016957136128120585, 0.025906735751295335, 0.009891662741403674, 0.009891662741403674, 0.010833725859632595, 0.008478568064060292, 0.00706547338671691, 0.008949599623174752, 0.00800753650494583, 0.0131888836552049, 0.006123410268487989, 0.00800753650494583, 0.0131888836552049, 0.0131888836552049, 0.012246820536975978, 0.018370230805463968, 0.024022609514837492, 0.027319830428638718, 0.036740461610927935, 0.031088082901554404, 0.04097974564295808, 0.0574658502119642, 0.06641544983513896, 0.09279321714554875, 0.09420631182289213]], [[0.04992934526613283, 0.03485633537447009, 0.03155911446066886, 0.030617051342439944, 0.016957136128120585, 0.015544041450777202, 0.024022609514837492, 0.022609514837494113, 0.017428167687235045, 0.02119642016015073, 0.015073009891662742, 0.015073009891662742, 0.008949599623174752, 0.012246820536975978, 0.01460197833254828, 0.00706547338671691, 0.008949599623174752, 0.007536504945831371, 0.00659444182760245, 0.006123410268487989, 0.00659444182760245, 0.0051813471502590676, 0.00800753650494583, 0.006123410268487989, 0.005652378709373528, 0.00800753650494583, 0.00659444182760245, 0.008478568064060292, 0.009420631182289214, 0.009891662741403674, 0.005652378709373528, 0.00800753650494583, 0.00800753650494583, 0.006123410268487989, 0.012717852096090438, 0.010833725859632595, 0.013659915214319359, 0.009420631182289214], [0.03485633537447009, 0.05982100800753651, 0.04380593499764484, 0.039095619406500234, 0.026848798869524258, 0.03344324069712671, 0.047574187470560525, 0.039095619406500234, 0.025906735751295335, 0.027319830428638718, 0.018370230805463968, 0.017899199246349504, 0.010833725859632595, 0.016486104569006125, 0.015073009891662742, 0.004710315591144607, 0.00706547338671691, 0.004710315591144607, 0.004710315591144607, 0.004710315591144607, 0.005652378709373528, 0.0051813471502590676, 0.010833725859632595, 0.008949599623174752, 0.006123410268487989, 0.008949599623174752, 0.007536504945831371, 0.009891662741403674, 0.01460197833254828, 0.010362694300518135, 0.010362694300518135, 0.016486104569006125, 0.013659915214319359, 0.006123410268487989, 0.012717852096090438, 0.012246820536975978, 0.017899199246349504, 0.012717852096090438], [0.03155911446066886, 0.04380593499764484, 0.07819123881300047, 0.055581723975506356, 0.05087140838436175, 0.04851625058878945, 0.04286387187941592, 0.037211493170042395, 0.023080546396608573, 0.022138483278379653, 0.01460197833254828, 0.013659915214319359, 0.008478568064060292, 0.012246820536975978, 0.016486104569006125, 0.003297220913801225, 0.004710315591144607, 0.0023551577955723034, 0.003297220913801225, 0.0037682524729156855, 0.0051813471502590676, 0.003297220913801225, 0.009420631182289214, 0.007536504945831371, 0.004239284032030146, 0.007536504945831371, 0.0051813471502590676, 0.008478568064060292, 0.01413094677343382, 0.012246820536975978, 0.01601507300989166, 0.024493641073951956, 0.016486104569006125, 0.01413094677343382, 0.022609514837494113, 0.024493641073951956, 0.027790861987753178, 0.02166745171926519], [0.030617051342439944, 0.039095619406500234, 0.055581723975506356, 0.0970325011775789, 0.07536504945831371, 0.055581723975506356, 0.046632124352331605, 0.04945831370701837, 0.04145077720207254, 0.03532736693358455, 0.024964672633066416, 0.024964672633066416, 0.0131888836552049, 0.01413094677343382, 0.022138483278379653, 0.011304757418747056, 0.013659915214319359, 0.012717852096090438, 0.009891662741403674, 0.009891662741403674, 0.009420631182289214, 0.008478568064060292, 0.017899199246349504, 0.009891662741403674, 0.007536504945831371, 0.007536504945831371, 0.008478568064060292, 0.011304757418747056, 0.01601507300989166, 0.016957136128120585, 0.022609514837494113, 0.023080546396608573, 0.015073009891662742, 0.019783325482807347, 0.0263777673104098, 0.02920395666509656, 0.03532736693358455, 0.027790861987753178], [0.016957136128120585, 0.026848798869524258, 0.05087140838436175, 0.07536504945831371, 0.10504003768252473, 0.07866227037211493, 0.05322656617993406, 0.04945831370701837, 0.041921808761187, 0.03391427225624117, 0.027790861987753178, 0.023551577955723033, 0.011775788977861516, 0.009891662741403674, 0.019783325482807347, 0.00800753650494583, 0.009420631182289214, 0.011775788977861516, 0.00706547338671691, 0.007536504945831371, 0.010362694300518135, 0.00706547338671691, 0.023551577955723033, 0.01601507300989166, 0.01413094677343382, 0.013659915214319359, 0.0131888836552049, 0.009420631182289214, 0.01460197833254828, 0.018841262364578427, 0.024022609514837492, 0.031088082901554404, 0.016957136128120585, 0.02166745171926519, 0.027319830428638718, 0.03579839849269901, 0.040037682524729154, 0.02920395666509656], [0.015544041450777202, 0.03344324069712671, 0.04851625058878945, 0.055581723975506356, 0.07866227037211493, 0.10504003768252473, 0.06735751295336788, 0.05934997644842204, 0.046161092793217146, 0.038153556288271315, 0.03532736693358455, 0.02967498822421102, 0.019312293923692887, 0.017428167687235045, 0.024964672633066416, 0.008949599623174752, 0.008949599623174752, 0.011304757418747056, 0.005652378709373528, 0.00800753650494583, 0.010833725859632595, 0.00800753650494583, 0.022609514837494113, 0.017428167687235045, 0.01601507300989166, 0.018370230805463968, 0.015544041450777202, 0.009420631182289214, 0.013659915214319359, 0.01601507300989166, 0.017899199246349504, 0.03485633537447009, 0.02025435704192181, 0.015073009891662742, 0.027790861987753178, 0.036740461610927935, 0.04145077720207254, 0.03155911446066886], [0.024022609514837492, 0.047574187470560525, 0.04286387187941592, 0.046632124352331605, 0.05322656617993406, 0.06735751295336788, 0.08808290155440414, 0.0645313235986811, 0.046161092793217146, 0.038624587847385775, 0.03250117757889778, 0.030617051342439944, 0.018370230805463968, 0.02072538860103627, 0.02119642016015073, 0.009420631182289214, 0.009420631182289214, 0.008949599623174752, 0.0051813471502590676, 0.0051813471502590676, 0.008478568064060292, 0.00706547338671691, 0.023080546396608573, 0.017899199246349504, 0.015544041450777202, 0.016957136128120585, 0.017428167687235045, 0.011304757418747056, 0.015544041450777202, 0.013659915214319359, 0.011775788977861516, 0.0263777673104098, 0.016957136128120585, 0.007536504945831371, 0.016957136128120585, 0.0263777673104098, 0.03344324069712671, 0.02166745171926519], [0.022609514837494113, 0.039095619406500234, 0.037211493170042395, 0.04945831370701837, 0.04945831370701837, 0.05934997644842204, 0.0645313235986811, 0.10409797456429581, 0.0730098916627414, 0.0574658502119642, 0.05181347150259067, 0.045690061234102686, 0.027790861987753178, 0.027319830428638718, 0.04097974564295808, 0.016486104569006125, 0.013659915214319359, 0.01413094677343382, 0.009420631182289214, 0.011304757418747056, 0.015073009891662742, 0.010833725859632595, 0.02119642016015073, 0.011775788977861516, 0.011775788977861516, 0.0131888836552049, 0.019783325482807347, 0.016957136128120585, 0.025906735751295335, 0.023551577955723033, 0.019783325482807347, 0.027790861987753178, 0.022609514837494113, 0.015073009891662742, 0.025906735751295335, 0.030146019783325484, 0.038153556288271315, 0.024493641073951956], [0.017428167687235045, 0.025906735751295335, 0.023080546396608573, 0.04145077720207254, 0.041921808761187, 0.046161092793217146, 0.046161092793217146, 0.0730098916627414, 0.12435233160621761, 0.09467734338200659, 0.07819123881300047, 0.07583608101742817, 0.045690061234102686, 0.03579839849269901, 0.04945831370701837, 0.03438530381535563, 0.02166745171926519, 0.019783325482807347, 0.01413094677343382, 0.01601507300989166, 0.02166745171926519, 0.013659915214319359, 0.027790861987753178, 0.013659915214319359, 0.016486104569006125, 0.019312293923692887, 0.024964672633066416, 0.019783325482807347, 0.030146019783325484, 0.03203014601978332, 0.025906735751295335, 0.027790861987753178, 0.02025435704192181, 0.017428167687235045, 0.022138483278379653, 0.024022609514837492, 0.03438530381535563, 0.018841262364578427], [0.02119642016015073, 0.027319830428638718, 0.022138483278379653, 0.03532736693358455, 0.03391427225624117, 0.038153556288271315, 0.038624587847385775, 0.0574658502119642, 0.09467734338200659, 0.14554875176636833, 0.11116344795101271, 0.10504003768252473, 0.06641544983513896, 0.05087140838436175, 0.05840791333019312, 0.045690061234102686, 0.0263777673104098, 0.022609514837494113, 0.012246820536975978, 0.01601507300989166, 0.025906735751295335, 0.019783325482807347, 0.03297220913801225, 0.02119642016015073, 0.024022609514837492, 0.027319830428638718, 0.02826189354686764, 0.022138483278379653, 0.031088082901554404, 0.041921808761187, 0.025435704192180875, 0.030146019783325484, 0.022138483278379653, 0.016957136128120585, 0.018370230805463968, 0.019783325482807347, 0.02920395666509656, 0.015073009891662742], [0.015073009891662742, 0.018370230805463968, 0.01460197833254828, 0.024964672633066416, 0.027790861987753178, 0.03532736693358455, 0.03250117757889778, 0.05181347150259067, 0.07819123881300047, 0.11116344795101271, 0.14931700423928404, 0.11304757418747056, 0.07724917569477155, 0.05982100800753651, 0.06500235515779557, 0.046632124352331605, 0.027319830428638718, 0.0263777673104098, 0.012717852096090438, 0.016957136128120585, 0.026848798869524258, 0.022138483278379653, 0.030617051342439944, 0.017899199246349504, 0.023551577955723033, 0.030146019783325484, 0.03250117757889778, 0.026848798869524258, 0.03391427225624117, 0.04333490343853038, 0.02920395666509656, 