{"rep": [[[0.08733624454148471, 0.07729257641921397, 0.05895196506550218, 0.05851528384279476, 0.04017467248908297, 0.03449781659388646, 0.06681222707423581, 0.062882096069869, 0.062445414847161575, 0.048034934497816595, 0.04716157205240175, 0.04323144104803493, 0.013973799126637555, 0.01834061135371179, 0.02925764192139738, 0.019650655021834062, 0.0069868995633187774, 0.009170305676855894, 0.008733624454148471, 0.006550218340611353, 0.005240174672489083, 0.007423580786026201, 0.01572052401746725, 0.01222707423580786, 0.012663755458515284, 0.027510917030567687, 0.01921397379912664, 0.005676855895196507, 0.02445414847161572, 0.02445414847161572, 0.0222707423580786, 0.01921397379912664, 0.013537117903930132, 0.013973799126637555, 0.010480349344978166, 0.010917030567685589, 0.016157205240174673, 0.005676855895196507], [0.07729257641921397, 0.14104803493449783, 0.09912663755458516, 0.0943231441048035, 0.07117903930131005, 0.07161572052401746, 0.1275109170305677, 0.11965065502183406, 0.11484716157205241, 0.08733624454148471, 0.08995633187772925, 0.07860262008733625, 0.024890829694323144, 0.03187772925764192, 0.05021834061135371, 0.039301310043668124, 0.012663755458515284, 0.016157205240174673, 0.016593886462882096, 0.013973799126637555, 0.009170305676855894, 0.010480349344978166, 0.028384279475982533, 0.01834061135371179, 0.02052401746724891, 0.05283842794759825, 0.03842794759825328, 0.013100436681222707, 0.0462882096069869, 0.046724890829694325, 0.03842794759825328, 0.03056768558951965, 0.020087336244541485, 0.022707423580786028, 0.01703056768558952, 0.01572052401746725, 0.02794759825327511, 0.010917030567685589], [0.05895196506550218, 0.09912663755458516, 0.12270742358078603, 0.09781659388646288, 0.08733624454148471, 0.06943231441048035, 0.09781659388646288, 0.09344978165938865, 0.08951965065502183, 0.059388646288209605, 0.07117903930131005, 0.06724890829694323, 0.0222707423580786, 0.027074235807860263, 0.04279475982532751, 0.030131004366812226, 0.008296943231441048, 0.011790393013100437, 0.013537117903930132, 0.011790393013100437, 0.007423580786026201, 0.010043668122270743, 0.025327510917030567, 0.017903930131004366, 0.018777292576419215, 0.050655021834061134, 0.037991266375545854, 0.01572052401746725, 0.04192139737991266, 0.04104803493449782, 0.03755458515283843, 0.028820960698689956, 0.01921397379912664, 0.018777292576419215, 0.019650655021834062, 0.016593886462882096, 0.027510917030567687, 0.011790393013100437], [0.05851528384279476, 0.0943231441048035, 0.09781659388646288, 0.16069868995633188, 0.11965065502183406, 0.08602620087336245, 0.11353711790393013, 0.11179039301310044, 0.1205240174672489, 0.08646288209606987, 0.10087336244541485, 0.09475982532751091, 0.03755458515283843, 0.04017467248908297, 0.05589519650655022, 0.039301310043668124, 0.01834061135371179, 0.020087336244541485, 0.02052401746724891, 0.01572052401746725, 0.011353711790393014, 0.012663755458515284, 0.03580786026200873, 0.02576419213973799, 0.02445414847161572, 0.06026200873362445, 0.05021834061135371, 0.026200873362445413, 0.05414847161572053, 0.05283842794759825, 0.048034934497816595, 0.043668122270742356, 0.027510917030567687, 0.028820960698689956, 0.032314410480349345, 0.029694323144104803, 0.04104803493449782, 0.019650655021834062], [0.04017467248908297, 0.07117903930131005, 0.08733624454148471, 0.11965065502183406, 0.1462882096069869, 0.09956331877729258, 0.09868995633187773, 0.09956331877729258, 0.10436681222707424, 0.06768558951965066, 0.0868995633187773, 0.07903930131004366, 0.029694323144104803, 0.032314410480349345, 0.05458515283842795, 0.03580786026200873, 0.016593886462882096, 0.02052401746724891, 0.02096069868995633, 0.01834061135371179, 0.013537117903930132, 0.012663755458515284, 0.036244541484716154, 0.02576419213973799, 0.02576419213973799, 0.05720524017467249, 0.043668122270742356, 0.018777292576419215, 0.0462882096069869, 0.0462882096069869, 0.04323144104803493, 0.03668122270742358, 0.021834061135371178, 0.024017467248908297, 0.03056768558951965, 0.02925764192139738, 0.04061135371179039, 0.019650655021834062], [0.03449781659388646, 0.07161572052401746, 0.06943231441048035, 0.08602620087336245, 0.09956331877729258, 0.1467248908296943, 0.10742358078602621, 0.10480349344978165, 0.10218340611353711, 0.08122270742358079, 0.09475982532751091, 0.08034934497816594, 0.04323144104803493, 0.04148471615720524, 0.05283842794759825, 0.039301310043668124, 0.023580786026200874, 0.024017467248908297, 0.028820960698689956, 0.02576419213973799, 0.02052401746724891, 0.01572052401746725, 0.04192139737991266, 0.02576419213973799, 0.026637554585152837, 0.04890829694323144, 0.043668122270742356, 0.020087336244541485, 0.037991266375545854, 0.04410480349344978, 0.03449781659388646, 0.03973799126637555, 0.027510917030567687, 0.032314410480349345, 0.03318777292576419, 0.03056768558951965, 0.04017467248908297, 0.019650655021834062], [0.06681222707423581, 0.1275109170305677, 0.09781659388646288, 0.11353711790393013, 0.09868995633187773, 0.10742358078602621, 0.18209606986899562, 0.1633187772925764, 0.1554585152838428, 0.11921397379912664, 0.125764192139738, 0.10524017467248908, 0.042358078602620086, 0.04279475982532751, 0.06506550218340611, 0.048034934497816595, 0.022707423580786028, 0.022707423580786028, 0.027074235807860263, 0.02314410480349345, 0.01703056768558952, 0.013973799126637555, 0.04017467248908297, 0.025327510917030567, 0.026200873362445413, 0.060698689956331875, 0.05021834061135371, 0.0222707423580786, 0.051965065502183404, 0.05589519650655022, 0.04585152838427948, 0.045414847161572056, 0.028820960698689956, 0.03406113537117904, 0.03318777292576419, 0.02925764192139738, 0.04061135371179039, 0.01834061135371179], [0.062882096069869, 0.11965065502183406, 0.09344978165938865, 0.11179039301310044, 0.09956331877729258, 0.10480349344978165, 0.1633187772925764, 0.2244541484716157, 0.19170305676855895, 0.1611353711790393, 0.1633187772925764, 0.13362445414847163, 0.06026200873362445, 0.05152838427947598, 0.08558951965065502, 0.05414847161572053, 0.03449781659388646, 0.032314410480349345, 0.03580786026200873, 0.030131004366812226, 0.02794759825327511, 0.025327510917030567, 0.05327510917030567, 0.03580786026200873, 0.03580786026200873, 0.0703056768558952, 0.060698689956331875, 0.03711790393013101, 0.062882096069869, 0.06899563318777292, 0.060698689956331875, 0.06899563318777292, 0.045414847161572056, 0.04847161572052402, 0.046724890829694325, 0.04192139737991266, 0.05109170305676856, 0.026637554585152837], [0.062445414847161575, 0.11484716157205241, 0.08951965065502183, 0.1205240174672489, 0.10436681222707424, 0.10218340611353711, 0.1554585152838428, 0.19170305676855895, 0.24934497816593887, 0.1794759825327511, 0.17554585152838428, 0.15240174672489082, 0.07816593886462882, 0.059388646288209605, 0.08820960698689956, 0.059388646288209605, 0.03318777292576419, 0.030131004366812226, 0.03711790393013101, 0.03056768558951965, 0.028820960698689956, 0.022707423580786028, 0.05327510917030567, 0.03318777292576419, 0.03187772925764192, 0.06943231441048035, 0.07161572052401746, 0.042358078602620086, 0.07074235807860262, 0.07685589519650655, 0.06637554585152838, 0.07423580786026202, 0.051965065502183404, 0.05720524017467249, 0.060698689956331875, 0.05283842794759825, 0.06593886462882097, 0.0388646288209607], [0.048034934497816595, 0.08733624454148471, 0.059388646288209605, 0.08646288209606987, 0.06768558951965066, 0.08122270742358079, 0.11921397379912664, 0.1611353711790393, 0.1794759825327511, 0.24017467248908297, 0.1812227074235808, 0.14410480349344978, 0.09475982532751091, 0.06550218340611354, 0.08296943231441048, 0.05982532751091703, 0.04716157205240175, 0.03755458515283843, 0.03842794759825328, 0.03275109170305677, 0.031004366812227076, 0.030131004366812226, 0.05633187772925764, 0.03537117903930131, 0.03755458515283843, 0.05109170305676856, 0.056768558951965066, 0.04716157205240175, 0.04890829694323144, 0.05633187772925764, 0.049344978165938864, 0.07205240174672489, 0.05021834061135371, 0.05720524017467249, 0.056768558951965066, 0.04978165938864629, 0.0611353711790393, 0.03275109170305677], [0.04716157205240175, 0.08995633187772925, 0.07117903930131005, 0.10087336244541485, 0.0868995633187773, 0.09475982532751091, 0.125764192139738, 0.1633187772925764, 0.17554585152838428, 0.1812227074235808, 0.28209606986899566, 0.20087336244541484, 0.12358078602620087, 0.10742358078602621, 0.1388646288209607, 0.08646288209606987, 0.05633187772925764, 0.050655021834061134, 0.04716157205240175, 0.03711790393013101, 0.04017467248908297, 0.04323144104803493, 0.06768558951965066, 0.04017467248908297, 0.04061135371179039, 0.07641921397379912, 0.07292576419213974, 0.04585152838427948, 0.07729257641921397, 0.09082969432314411, 0.08078602620087336, 0.08864628820960699, 0.055458515283842796, 0.059388646288209605, 0.06506550218340611, 0.05589519650655022, 0.07991266375545851, 0.042358078602620086], [0.04323144104803493, 0.07860262008733625, 0.06724890829694323, 0.09475982532751091, 0.07903930131004366, 0.08034934497816594, 0.10524017467248908, 0.13362445414847163, 0.15240174672489082, 0.14410480349344978, 0.20087336244541484, 0.28078602620087334, 0.14934497816593886, 0.1349344978165939, 0.16943231441048034, 0.12008733624454149, 0.07467248908296943, 0.05720524017467249, 0.05021834061135371, 0.03580786026200873, 0.04148471615720524, 0.04104803493449782, 0.06812227074235808, 0.048034934497816595, 0.04148471615720524, 0.09126637554585153, 0.08777292576419214, 0.05414847161572053, 0.09956331877729258, 0.11135371179039301, 0.0943231441048035, 0.08733624454148471, 0.05633187772925764, 0.058078602620087336, 0.06899563318777292, 0.051965065502183404, 0.08471615720524017, 0.042358078602620086], [0.013973799126637555, 0.024890829694323144, 0.0222707423580786, 0.03755458515283843, 0.029694323144104803, 0.04323144104803493, 0.042358078602620086, 0.06026200873362445, 0.07816593886462882, 0.09475982532751091, 0.12358078602620087, 0.14934497816593886, 0.17423580786026202, 0.11353711790393013, 0.11353711790393013, 0.07292576419213974, 0.048034934497816595, 0.03449781659388646, 0.029694323144104803, 0.01834061135371179, 0.0222707423580786, 0.02314410480349345, 0.03711790393013101, 0.022707423580786028, 0.02096069868995633, 0.03668122270742358, 0.05021834061135371, 0.044978165938864625, 0.042358078602620086, 0.05764192139737991, 0.05502183406113537, 0.05720524017467249, 0.03842794759825328, 0.03973799126637555, 0.04978165938864629, 0.03755458515283843, 0.050655021834061134, 0.028820960698689956], [0.01834061135371179, 0.03187772925764192, 0.027074235807860263, 0.04017467248908297, 0.032314410480349345, 0.04148471615720524, 0.04279475982532751, 0.05152838427947598, 0.059388646288209605, 0.06550218340611354, 0.10742358078602621, 0.1349344978165939, 0.11353711790393013, 0.2074235807860262, 0.16375545851528384, 0.0982532751091703, 0.06462882096069869, 0.06026200873362445, 0.04323144104803493, 0.0314410480349345, 0.04716157205240175, 0.05152838427947598, 0.06506550218340611, 0.049344978165938864, 0.046724890829694325, 0.06593886462882097, 0.0794759825327511, 0.058078602620087336, 0.08296943231441048, 0.0965065502183406, 0.08122270742358079, 0.062445414847161575, 0.043668122270742356, 0.04410480349344978, 0.056768558951965066, 0.04759825327510917, 0.07161572052401746, 0.02925764192139738], [0.02925764192139738, 0.05021834061135371, 0.04279475982532751, 0.05589519650655022, 0.05458515283842795, 0.05283842794759825, 0.06506550218340611, 0.08558951965065502, 0.08820960698689956, 0.08296943231441048, 0.1388646288209607, 0.16943231441048034, 0.11353711790393013, 0.16375545851528384, 0.30436681222707423, 0.17467248908296942, 0.10873362445414847, 0.1056768558951965, 0.07074235807860262, 0.05502183406113537, 0.07685589519650655, 0.08296943231441048, 0.12183406113537118, 0.09737991266375545, 0.10218340611353711, 0.14192139737991266, 0.13537117903930132, 0.0868995633187773, 0.12532751091703057, 0.14454148471615721, 0.1165938864628821, 0.0943231441048035, 0.06026200873362445, 0.06550218340611354, 0.07729257641921397, 0.06026200873362445, 0.1017467248908297, 0.04410480349344978], [0.019650655021834062, 0.039301310043668124, 0.030131004366812226, 0.039301310043668124, 0.03580786026200873, 0.039301310043668124, 0.048034934497816595, 0.05414847161572053, 0.059388646288209605, 0.05982532751091703, 0.08646288209606987, 0.12008733624454149, 0.07292576419213974, 0.0982532751091703, 0.17467248908296942, 0.2275109170305677, 0.12532751091703057, 0.10698689956331878, 0.07729257641921397, 0.05414847161572053, 0.07379912663755459, 0.06550218340611354, 0.09737991266375545, 0.07292576419213974, 0.07292576419213974, 0.10218340611353711, 0.08864628820960699, 0.05895196506550218, 0.08340611353711791, 0.09301310043668122, 0.08122270742358079, 0.06026200873362445, 0.04279475982532751, 0.04759825327510917, 0.05502183406113537, 0.034934497816593885, 0.07292576419213974, 0.028384279475982533], [0.0069868995633187774, 0.012663755458515284, 0.008296943231441048, 0.01834061135371179, 0.016593886462882096, 0.023580786026200874, 0.022707423580786028, 0.03449781659388646, 0.03318777292576419, 0.04716157205240175, 0.05633187772925764, 0.07467248908296943, 0.048034934497816595, 0.06462882096069869, 0.10873362445414847, 0.12532751091703057, 0.1663755458515284, 0.12008733624454149, 0.08864628820960699, 0.06462882096069869, 0.07161572052401746, 0.05764192139737991, 0.07816593886462882, 0.05502183406113537, 0.05283842794759825, 0.060698689956331875, 0.05458515283842795, 0.03842794759825328, 0.03842794759825328, 0.04323144104803493, 0.04716157205240175, 0.0388646288209607, 0.030131004366812226, 0.03187772925764192, 0.03406113537117904, 0.024890829694323144, 0.04192139737991266, 0.016157205240174673], [0.009170305676855894, 0.016157205240174673, 0.011790393013100437, 0.020087336244541485, 0.02052401746724891, 0.024017467248908297, 0.022707423580786028, 0.032314410480349345, 0.030131004366812226, 0.03755458515283843, 0.050655021834061134, 0.05720524017467249, 0.03449781659388646, 0.06026200873362445, 0.1056768558951965, 0.10698689956331878, 0.12008733624454149, 0.18820960698689956, 0.10698689956331878, 0.07860262008733625, 0.08951965065502183, 0.0794759825327511, 0.1, 0.07117903930131005, 0.07292576419213974, 0.07117903930131005, 0.05851528384279476, 0.0462882096069869, 0.04410480349344978, 0.0462882096069869, 0.04585152838427948, 0.03842794759825328, 0.025327510917030567, 0.02576419213973799, 0.028384279475982533, 0.020087336244541485, 0.042358078602620086, 0.016593886462882096], [0.008733624454148471, 0.016593886462882096, 0.013537117903930132, 0.02052401746724891, 0.02096069868995633, 0.028820960698689956, 0.027074235807860263, 0.03580786026200873, 0.03711790393013101, 0.03842794759825328, 0.04716157205240175, 0.05021834061135371, 0.029694323144104803, 0.04323144104803493, 0.07074235807860262, 0.07729257641921397, 0.08864628820960699, 0.10698689956331878, 0.15458515283842794, 0.10698689956331878, 0.0982532751091703, 0.07641921397379912, 0.09126637554585153, 0.05589519650655022, 0.058078602620087336, 0.06331877729257641, 0.060698689956331875, 0.028820960698689956, 0.03187772925764192, 0.04279475982532751, 0.03711790393013101, 0.02925764192139738, 0.021834061135371178, 0.025327510917030567, 0.030131004366812226, 0.02096069868995633, 0.032314410480349345, 0.01572052401746725], [0.006550218340611353, 0.013973799126637555, 0.011790393013100437, 0.01572052401746725, 0.01834061135371179, 0.02576419213973799, 0.02314410480349345, 0.030131004366812226, 0.03056768558951965, 0.03275109170305677, 0.03711790393013101, 0.03580786026200873, 0.01834061135371179, 0.0314410480349345, 0.05502183406113537, 0.05414847161572053, 0.06462882096069869, 0.07860262008733625, 0.10698689956331878, 0.12532751091703057, 0.09912663755458516, 0.07248908296943231, 0.08078602620087336, 0.05021834061135371, 0.05458515283842795, 0.060698689956331875, 0.05502183406113537, 0.02314410480349345, 0.028820960698689956, 0.034934497816593885, 0.0222707423580786, 0.019650655021834062, 0.01572052401746725, 0.02052401746724891, 0.024890829694323144, 0.016593886462882096, 0.027074235807860263, 0.010480349344978166], [0.005240174672489083, 0.009170305676855894, 0.007423580786026201, 0.011353711790393014, 0.013537117903930132, 0.02052401746724891, 0.01703056768558952, 0.02794759825327511, 0.028820960698689956, 0.031004366812227076, 0.04017467248908297, 0.04148471615720524, 0.0222707423580786, 0.04716157205240175, 0.07685589519650655, 0.07379912663755459, 0.07161572052401746, 0.08951965065502183, 0.0982532751091703, 0.09912663755458516, 0.16550218340611353, 0.11091703056768559, 0.12314410480349346, 0.0868995633187773, 0.08558951965065502, 0.08340611353711791, 0.07860262008733625, 0.04017467248908297, 0.04585152838427948, 0.059388646288209605, 0.03842794759825328, 0.030131004366812226, 0.022707423580786028, 0.031004366812227076, 0.033624454148471615, 0.023580786026200874, 0.042358078602620086, 0.010917030567685589], [0.007423580786026201, 0.010480349344978166, 0.010043668122270743, 0.012663755458515284, 0.012663755458515284, 0.01572052401746725, 0.013973799126637555, 0.025327510917030567, 0.022707423580786028, 0.030131004366812226, 0.04323144104803493, 0.04104803493449782, 0.02314410480349345, 0.05152838427947598, 0.08296943231441048, 0.06550218340611354, 0.05764192139737991, 0.0794759825327511, 0.07641921397379912, 0.07248908296943231, 0.11091703056768559, 0.1703056768558952, 0.137117903930131, 0.10742358078602621, 0.10218340611353711, 0.09126637554585153, 0.07423580786026202, 0.03668122270742358, 0.05021834061135371, 0.06200873362445415, 0.036244541484716154, 0.033624454148471615, 0.02096069868995633, 0.028820960698689956, 0.031004366812227076, 0.02052401746724891, 0.04061135371179039, 0.013537117903930132], [0.01572052401746725, 0.028384279475982533, 0.025327510917030567, 0.03580786026200873, 0.036244541484716154, 0.04192139737991266, 0.04017467248908297, 0.05327510917030567, 0.05327510917030567, 0.05633187772925764, 0.06768558951965066, 0.06812227074235808, 0.03711790393013101, 0.06506550218340611, 0.12183406113537118, 0.09737991266375545, 0.07816593886462882, 0.1, 0.09126637554585153, 0.08078602620087336, 0.12314410480349346, 0.137117903930131, 0.2406113537117904, 0.1615720524017467, 0.14890829694323143, 0.1467248908296943, 0.11484716157205241, 0.062445414847161575, 0.07248908296943231, 0.08602620087336245, 0.06026200873362445, 0.051965065502183404, 0.03449781659388646, 0.04192139737991266, 0.04890829694323144, 0.03580786026200873, 0.05982532751091703, 0.02052401746724891], [0.01222707423580786, 0.01834061135371179, 0.017903930131004366, 0.02576419213973799, 0.02576419213973799, 0.02576419213973799, 0.025327510917030567, 0.03580786026200873, 0.03318777292576419, 0.03537117903930131, 0.04017467248908297, 0.048034934497816595, 0.022707423580786028, 0.049344978165938864, 0.09737991266375545, 0.07292576419213974, 0.05502183406113537, 0.07117903930131005, 0.05589519650655022, 0.05021834061135371, 0.0868995633187773, 0.10742358078602621, 0.1615720524017467, 0.18078602620087336, 0.14890829694323143, 0.13100436681222707, 0.0943231441048035, 0.05283842794759825, 0.06157205240174673, 0.06812227074235808, 0.045414847161572056, 0.04017467248908297, 0.02794759825327511, 0.032314410480349345, 0.03842794759825328, 0.026200873362445413, 0.045414847161572056, 0.012663755458515284], [0.012663755458515284, 0.02052401746724891, 0.018777292576419215, 0.02445414847161572, 0.02576419213973799, 0.026637554585152837, 0.026200873362445413, 0.03580786026200873, 0.03187772925764192, 0.03755458515283843, 0.04061135371179039, 0.04148471615720524, 0.02096069868995633, 0.046724890829694325, 0.10218340611353711, 0.07292576419213974, 0.05283842794759825, 0.07292576419213974, 0.058078602620087336, 0.05458515283842795, 0.08558951965065502, 0.10218340611353711, 0.14890829694323143, 0.14890829694323143, 0.18646288209606987, 0.14759825327510917, 0.11266375545851529, 0.06331877729257641, 0.06986899563318777, 0.07248908296943231, 0.043668122270742356, 0.04148471615720524, 0.02794759825327511, 0.036244541484716154, 0.04104803493449782, 0.02794759825327511, 0.04759825327510917, 0.016593886462882096], [0.027510917030567687, 0.05283842794759825, 0.050655021834061134, 0.06026200873362445, 0.05720524017467249, 0.04890829694323144, 0.060698689956331875, 0.0703056768558952, 0.06943231441048035, 0.05109170305676856, 0.07641921397379912, 0.09126637554585153, 0.03668122270742358, 0.06593886462882097, 0.14192139737991266, 0.10218340611353711, 0.060698689956331875, 0.07117903930131005, 0.06331877729257641, 0.060698689956331875, 0.08340611353711791, 0.09126637554585153, 0.1467248908296943, 0.13100436681222707, 0.14759825327510917, 0.23973799126637554, 0.1611353711790393, 0.0851528384279476, 0.1131004366812227, 0.12882096069868995, 0.08427947598253276, 0.06506550218340611, 0.0388646288209607, 0.04759825327510917, 0.051965065502183404, 0.03580786026200873, 0.07161572052401746, 0.027074235807860263], [0.01921397379912664, 0.03842794759825328, 0.037991266375545854, 0.05021834061135371, 0.043668122270742356, 0.043668122270742356, 0.05021834061135371, 0.060698689956331875, 0.07161572052401746, 0.056768558951965066, 0.07292576419213974, 0.08777292576419214, 0.05021834061135371, 0.0794759825327511, 0.13537117903930132, 0.08864628820960699, 0.05458515283842795, 0.05851528384279476, 0.060698689956331875, 0.05502183406113537, 0.07860262008733625, 0.07423580786026202, 0.11484716157205241, 0.0943231441048035, 0.11266375545851529, 0.1611353711790393, 0.23100436681222708, 0.10786026200873362, 0.12008733624454149, 0.13406113537117903, 0.0982532751091703, 0.07641921397379912, 0.04847161572052402, 0.058078602620087336, 0.06724890829694323, 0.04890829694323144, 0.08296943231441048, 0.03187772925764192], [0.005676855895196507, 0.013100436681222707, 0.01572052401746725, 0.026200873362445413, 0.018777292576419215, 0.020087336244541485, 0.0222707423580786, 0.03711790393013101, 0.042358078602620086, 0.04716157205240175, 0.04585152838427948, 0.05414847161572053, 0.044978165938864625, 0.058078602620087336, 0.0868995633187773, 0.05895196506550218, 0.03842794759825328, 0.0462882096069869, 0.028820960698689956, 0.02314410480349345, 0.04017467248908297, 0.03668122270742358, 0.062445414847161575, 0.05283842794759825, 0.06331877729257641, 0.0851528384279476, 0.10786026200873362, 0.1663755458515284, 0.11222707423580786, 0.10087336244541485, 0.0965065502183406, 0.08602620087336245, 0.04890829694323144, 0.05109170305676856, 0.06331877729257641, 0.04061135371179039, 0.07248908296943231, 0.03318777292576419], [0.02445414847161572, 0.0462882096069869, 0.04192139737991266, 0.05414847161572053, 0.0462882096069869, 0.037991266375545854, 0.051965065502183404, 0.062882096069869, 0.07074235807860262, 0.04890829694323144, 0.07729257641921397, 0.09956331877729258, 0.042358078602620086, 0.08296943231441048, 0.12532751091703057, 0.08340611353711791, 0.03842794759825328, 0.04410480349344978, 0.03187772925764192, 0.028820960698689956, 0.04585152838427948, 0.05021834061135371, 0.07248908296943231, 0.06157205240174673, 0.06986899563318777, 0.1131004366812227, 0.12008733624454149, 0.11222707423580786, 0.20131004366812227, 0.1572052401746725, 0.11091703056768559, 0.09126637554585153, 0.05327510917030567, 0.05327510917030567, 0.06768558951965066, 0.046724890829694325, 0.0868995633187773, 0.04104803493449782], [0.02445414847161572, 0.046724890829694325, 0.04104803493449782, 0.05283842794759825, 0.0462882096069869, 0.04410480349344978, 0.05589519650655022, 0.06899563318777292, 0.07685589519650655, 0.05633187772925764, 0.09082969432314411, 0.11135371179039301, 0.05764192139737991, 0.0965065502183406, 0.14454148471615721, 0.09301310043668122, 0.04323144104803493, 0.0462882096069869, 0.04279475982532751, 0.034934497816593885, 0.059388646288209605, 0.06200873362445415, 0.08602620087336245, 0.06812227074235808, 0.07248908296943231, 0.12882096069868995, 0.13406113537117903, 0.10087336244541485, 0.1572052401746725, 0.23449781659388647, 0.14890829694323143, 0.12358078602620087, 0.07205240174672489, 0.07117903930131005, 0.0794759825327511, 0.058078602620087336, 0.10043668122270742, 0.04759825327510917], [0.0222707423580786, 0.03842794759825328, 0.03755458515283843, 0.048034934497816595, 0.04323144104803493, 0.03449781659388646, 0.04585152838427948, 0.060698689956331875, 0.06637554585152838, 0.049344978165938864, 0.08078602620087336, 0.0943231441048035, 0.05502183406113537, 0.08122270742358079, 0.1165938864628821, 0.08122270742358079, 0.04716157205240175, 0.04585152838427948, 0.03711790393013101, 0.0222707423580786, 0.03842794759825328, 0.036244541484716154, 0.06026200873362445, 0.045414847161572056, 0.043668122270742356, 0.08427947598253276, 0.0982532751091703, 0.0965065502183406, 0.11091703056768559, 0.14890829694323143, 0.20611353711790392, 0.1393013100436681, 0.08646288209606987, 0.08296943231441048, 0.08995633187772925, 0.062882096069869, 0.09563318777292576, 0.04716157205240175], [0.01921397379912664, 0.03056768558951965, 0.028820960698689956, 0.043668122270742356, 0.03668122270742358, 0.03973799126637555, 0.045414847161572056, 0.06899563318777292, 0.07423580786026202, 0.07205240174672489, 0.08864628820960699, 0.08733624454148471, 0.05720524017467249, 0.062445414847161575, 0.0943231441048035, 0.06026200873362445, 0.0388646288209607, 0.03842794759825328, 0.02925764192139738, 0.019650655021834062, 0.030131004366812226, 0.033624454148471615, 0.051965065502183404, 0.04017467248908297, 0.04148471615720524, 0.06506550218340611, 0.07641921397379912, 0.08602620087336245, 0.09126637554585153, 0.12358078602620087, 0.1393013100436681, 0.2074235807860262, 0.13100436681222707, 0.11746724890829695, 0.11048034934497816, 0.08296943231441048, 0.09475982532751091, 0.051965065502183404], [0.013537117903930132, 0.020087336244541485, 0.01921397379912664, 0.027510917030567687, 0.021834061135371178, 0.027510917030567687, 0.028820960698689956, 0.045414847161572056, 0.051965065502183404, 0.05021834061135371, 0.055458515283842796, 0.05633187772925764, 0.03842794759825328, 0.043668122270742356, 0.06026200873362445, 0.04279475982532751, 0.030131004366812226, 0.025327510917030567, 0.021834061135371178, 0.01572052401746725, 0.022707423580786028, 0.02096069868995633, 0.03449781659388646, 0.02794759825327511, 0.02794759825327511, 0.0388646288209607, 0.04847161572052402, 0.04890829694323144, 0.05327510917030567, 0.07205240174672489, 0.08646288209606987, 0.13100436681222707, 0.14541484716157205, 0.11746724890829695, 0.09868995633187773, 0.06943231441048035, 0.07248908296943231, 0.03973799126637555], [0.013973799126637555, 0.022707423580786028, 0.018777292576419215, 0.028820960698689956, 0.024017467248908297, 0.032314410480349345, 0.03406113537117904, 0.04847161572052402, 0.05720524017467249, 0.05720524017467249, 0.059388646288209605, 0.058078602620087336, 0.03973799126637555, 0.04410480349344978, 0.06550218340611354, 0.04759825327510917, 0.03187772925764192, 0.02576419213973799, 0.025327510917030567, 0.02052401746724891, 0.031004366812227076, 0.028820960698689956, 0.04192139737991266, 0.032314410480349345, 0.036244541484716154, 0.04759825327510917, 0.058078602620087336, 0.05109170305676856, 0.05327510917030567, 0.07117903930131005, 0.08296943231441048, 0.11746724890829695, 0.11746724890829695, 0.1589519650655022, 0.11703056768558952, 0.08864628820960699, 0.09126637554585153, 0.04978165938864629], [0.010480349344978166, 0.01703056768558952, 0.019650655021834062, 0.032314410480349345, 0.03056768558951965, 0.03318777292576419, 0.03318777292576419, 0.046724890829694325, 0.060698689956331875, 0.056768558951965066, 0.06506550218340611, 0.06899563318777292, 0.04978165938864629, 0.056768558951965066, 0.07729257641921397, 0.05502183406113537, 0.03406113537117904, 0.028384279475982533, 0.030131004366812226, 0.024890829694323144, 0.033624454148471615, 0.031004366812227076, 0.04890829694323144, 0.03842794759825328, 0.04104803493449782, 0.051965065502183404, 0.06724890829694323, 0.06331877729257641, 0.06768558951965066, 0.0794759825327511, 0.08995633187772925, 0.11048034934497816, 0.09868995633187773, 0.11703056768558952, 0.17903930131004367, 0.10524017467248908, 0.11921397379912664, 0.06986899563318777], [0.010917030567685589, 0.01572052401746725, 0.016593886462882096, 0.029694323144104803, 0.02925764192139738, 0.03056768558951965, 0.02925764192139738, 0.04192139737991266, 0.05283842794759825, 0.04978165938864629, 0.05589519650655022, 0.051965065502183404, 0.03755458515283843, 0.04759825327510917, 0.06026200873362445, 0.034934497816593885, 0.024890829694323144, 0.020087336244541485, 0.02096069868995633, 0.016593886462882096, 0.023580786026200874, 0.02052401746724891, 0.03580786026200873, 0.026200873362445413, 0.02794759825327511, 0.03580786026200873, 0.04890829694323144, 0.04061135371179039, 0.046724890829694325, 0.058078602620087336, 0.062882096069869, 0.08296943231441048, 0.06943231441048035, 0.08864628820960699, 0.10524017467248908, 0.1462882096069869, 0.11528384279475982, 0.07554585152838428], [0.016157205240174673, 0.02794759825327511, 0.027510917030567687, 0.04104803493449782, 0.04061135371179039, 0.04017467248908297, 0.04061135371179039, 0.05109170305676856, 0.06593886462882097, 0.0611353711790393, 0.07991266375545851, 0.08471615720524017, 0.050655021834061134, 0.07161572052401746, 0.1017467248908297, 0.07292576419213974, 0.04192139737991266, 0.042358078602620086, 0.032314410480349345, 0.027074235807860263, 0.042358078602620086, 0.04061135371179039, 0.05982532751091703, 0.045414847161572056, 0.04759825327510917, 0.07161572052401746, 0.08296943231441048, 0.07248908296943231, 0.0868995633187773, 0.10043668122270742, 0.09563318777292576, 0.09475982532751091, 0.07248908296943231, 0.09126637554585153, 0.11921397379912664, 0.11528384279475982, 0.2170305676855895, 0.11048034934497816], [0.005676855895196507, 0.010917030567685589, 0.011790393013100437, 0.019650655021834062, 0.019650655021834062, 0.019650655021834062, 0.01834061135371179, 0.026637554585152837, 0.0388646288209607, 0.03275109170305677, 0.042358078602620086, 0.042358078602620086, 0.028820960698689956, 0.02925764192139738, 0.04410480349344978, 0.028384279475982533, 0.016157205240174673, 0.016593886462882096, 0.01572052401746725, 0.010480349344978166, 0.010917030567685589, 0.013537117903930132, 0.02052401746724891, 0.012663755458515284, 0.016593886462882096, 0.027074235807860263, 0.03187772925764192, 0.03318777292576419, 0.04104803493449782, 0.04759825327510917, 0.04716157205240175, 0.051965065502183404, 0.03973799126637555, 0.04978165938864629, 0.06986899563318777, 0.07554585152838428, 0.11048034934497816, 0.11135371179039301]], [[0.0851528384279476, 0.07248908296943231, 0.055458515283842796, 0.058078602620087336, 0.03711790393013101, 0.03056768558951965, 0.058078602620087336, 0.050655021834061134, 0.049344978165938864, 0.039301310043668124, 0.04017467248908297, 0.033624454148471615, 0.01572052401746725, 0.020087336244541485, 0.02576419213973799, 0.019650655021834062, 0.006550218340611353, 0.008296943231441048, 0.008296943231441048, 0.00480349344978166, 0.0034934497816593887, 0.005676855895196507, 0.016157205240174673, 0.011353711790393014, 0.011790393013100437, 0.02314410480349345, 0.019650655021834062, 0.010480349344978166, 0.0222707423580786, 0.0222707423580786, 0.019650655021834062, 0.019650655021834062, 0.015283842794759825, 0.015283842794759825, 0.011790393013100437, 0.007860262008733625, 0.011353711790393014, 0.007423580786026201], [0.07248908296943231, 0.12707423580786026, 0.08471615720524017, 0.08864628820960699, 0.062882096069869, 0.05764192139737991, 0.11135371179039301, 0.0965065502183406, 0.08733624454148471, 0.06419213973799126, 0.07292576419213974, 0.0611353711790393, 0.021397379912663755, 0.03056768558951965, 0.04148471615720524, 0.03406113537117904, 0.013100436681222707, 0.015283842794759825, 0.014847161572052401, 0.010917030567685589, 0.00611353711790393, 0.011790393013100437, 0.026637554585152837, 0.022707423580786028, 0.020087336244541485, 0.042358078602620086, 0.034934497816593885, 0.015283842794759825, 0.0388646288209607, 0.039301310043668124, 0.033624454148471615, 0.025327510917030567, 0.016157205240174673, 0.017467248908296942, 0.01572052401746725, 0.011790393013100437, 0.016593886462882096, 0.008296943231441048], [0.055458515283842796, 0.08471615720524017, 0.11441048034934498, 0.09388646288209607, 0.07860262008733625, 0.06157205240174673, 0.07816593886462882, 0.07205240174672489, 0.06899563318777292, 0.04148471615720524, 0.05851528384279476, 0.049344978165938864, 0.013100436681222707, 0.024890829694323144, 0.0388646288209607, 0.029694323144104803, 0.009170305676855894, 0.011790393013100437, 0.013100436681222707, 0.010480349344978166, 0.005240174672489083, 0.01222707423580786, 0.029694323144104803, 0.0222707423580786, 0.020087336244541485, 0.04192139737991266, 0.03056768558951965, 0.013100436681222707, 0.03668122270742358, 0.03275109170305677, 0.0314410480349345, 0.022707423580786028, 0.013973799126637555, 0.01572052401746725, 0.016593886462882096, 0.015283842794759825, 0.01921397379912664, 0.00960698689956332], [0.058078602620087336, 0.08864628820960699, 0.09388646288209607, 0.16419213973799127, 0.11615720524017467, 0.08558951965065502, 0.10655021834061135, 0.10698689956331878, 0.11179039301310044, 0.07685589519650655, 0.09301310043668122, 0.08820960698689956, 0.03973799126637555, 0.046724890829694325, 0.05502183406113537, 0.04104803493449782, 0.02096069868995633, 0.0222707423580786, 0.017903930131004366, 0.012663755458515284, 0.011790393013100437, 0.016593886462882096, 0.037991266375545854, 0.028820960698689956, 0.02576419213973799, 0.05327510917030567, 0.046724890829694325, 0.027510917030567687, 0.04890829694323144, 0.045414847161572056, 0.04890829694323144, 0.0445414847161572, 0.03406113537117904, 0.030131004366812226, 0.032314410480349345, 0.026200873362445413, 0.03537117903930131, 0.017467248908296942], [0.03711790393013101, 0.062882096069869, 0.07860262008733625, 0.11615720524017467, 0.15021834061135372, 0.0982532751091703, 0.09039301310043668, 0.0925764192139738, 0.09737991266375545, 0.06200873362445415, 0.08777292576419214, 0.08209606986899563, 0.037991266375545854, 0.04585152838427948, 0.055458515283842796, 0.04192139737991266, 0.024017467248908297, 0.0222707423580786, 0.021397379912663755, 0.017467248908296942, 0.013100436681222707, 0.01572052401746725, 0.04017467248908297, 0.031004366812227076, 0.027510917030567687, 0.05458515283842795, 0.048034934497816595, 0.025327510917030567, 0.045414847161572056, 0.04585152838427948, 0.04890829694323144, 0.04061135371179039, 0.03056768558951965, 0.02576419213973799, 0.031004366812227076, 0.026200873362445413, 0.03842794759825328, 0.017467248908296942], [0.03056768558951965, 0.05764192139737991, 0.06157205240174673, 0.08558951965065502, 0.0982532751091703, 0.14541484716157205, 0.10087336244541485, 0.09388646288209607, 0.0925764192139738, 0.06943231441048035, 0.08558951965065502, 0.07336244541484715, 0.042358078602620086, 0.04148471615720524, 0.04148471615720524, 0.03668122270742358, 0.026200873362445413, 0.02096069868995633, 0.024890829694323144, 0.01834061135371179, 0.014410480349344978, 0.015283842794759825, 0.039301310043668124, 0.028384279475982533, 0.023580786026200874, 0.039301310043668124, 0.039301310043668124, 0.02096069868995633, 0.03056768558951965, 0.03755458515283843, 0.036244541484716154, 0.033624454148471615, 0.03056768558951965, 0.027510917030567687, 0.028384279475982533, 0.024017467248908297, 0.0314410480349345, 0.013973799126637555], [0.058078602620087336, 0.11135371179039301, 0.07816593886462882, 0.10655021834061135, 0.09039301310043668, 0.10087336244541485, 0.16593886462882096, 0.14148471615720523, 0.12882096069868995, 0.09519650655021834, 0.1091703056768559, 0.09475982532751091, 0.045414847161572056, 0.0462882096069869, 0.051965065502183404, 0.04104803493449782, 0.025327510917030567, 0.0222707423580786, 0.021834061135371178, 0.01703056768558952, 0.011790393013100437, 0.013973799126637555, 0.03537117903930131, 0.02925764192139738, 0.025327510917030567, 0.04978165938864629, 0.044978165938864625, 0.021834061135371178, 0.04192139737991266, 0.04759825327510917, 0.044978165938864625, 0.04061135371179039, 0.027510917030567687, 0.02576419213973799, 0.025327510917030567, 0.019650655021834062, 0.02576419213973799, 0.012663755458515284], [0.050655021834061134, 0.0965065502183406, 0.07205240174672489, 0.10698689956331878, 0.0925764192139738, 0.09388646288209607, 0.14148471615720523, 0.1943231441048035, 0.1663755458515284, 0.1240174672489083, 0.13624454148471615, 0.1183406113537118, 0.05764192139737991, 0.05589519650655022, 0.06331877729257641, 0.046724890829694325, 0.03187772925764192, 0.02794759825327511, 0.026637554585152837, 0.01834061135371179, 0.014847161572052401, 0.018777292576419215, 0.04279475982532751, 0.03449781659388646, 0.0314410480349345, 0.055458515283842796, 0.050655021834061134, 0.032314410480349345, 0.05109170305676856, 0.058078602620087336, 0.056768558951965066, 0.06026200873362445, 0.042358078602620086, 0.04017467248908297, 0.04279475982532751, 0.03537117903930131, 0.04104803493449782, 0.02314410480349345], [0.049344978165938864, 0.08733624454148471, 0.06899563318777292, 0.11179039301310044, 0.09737991266375545, 0.0925764192139738, 0.12882096069868995, 0.1663755458515284, 0.21965065502183406, 0.15065502183406113, 0.15240174672489082, 0.1406113537117904, 0.07379912663755459, 0.06157205240174673, 0.0685589519650655, 0.05633187772925764, 0.03668122270742358, 0.029694323144104803, 0.0314410480349345, 0.02314410480349345, 0.018777292576419215, 0.021397379912663755, 0.048034934497816595, 0.03537117903930131, 0.03187772925764192, 0.058078602620087336, 0.059388646288209605, 0.03973799126637555, 0.056768558951965066, 0.06550218340611354, 0.062882096069869, 0.06593886462882097, 0.046724890829694325, 0.0462882096069869, 0.05240174672489083, 0.042358078602620086, 0.050655021834061134, 0.028384279475982533], [0.039301310043668124, 0.06419213973799126, 0.04148471615720524, 0.07685589519650655, 0.06200873362445415, 0.06943231441048035, 0.09519650655021834, 0.1240174672489083, 0.15065502183406113, 0.20611353711790392, 0.14847161572052403, 0.12620087336244543, 0.08427947598253276, 0.059388646288209605, 0.0685589519650655, 0.0462882096069869, 0.04148471615720524, 0.03449781659388646, 0.027510917030567687, 0.02314410480349345, 0.021834061135371178, 0.02052401746724891, 0.0462882096069869, 0.03537117903930131, 0.033624454148471615, 0.04061135371179039, 0.04890829694323144, 0.043668122270742356, 0.03842794759825328, 0.04759825327510917, 0.05021834061135371, 0.06026200873362445, 0.043668122270742356, 0.045414847161572056, 0.04279475982532751, 0.03973799126637555, 0.044978165938864625, 0.02314410480349345], [0.04017467248908297, 0.07292576419213974, 0.05851528384279476, 0.09301310043668122, 0.08777292576419214, 0.08558951965065502, 0.1091703056768559, 0.13624454148471615, 0.15240174672489082, 0.14847161572052403, 0.2572052401746725, 0.18908296943231442, 0.12270742358078603, 0.11179039301310044, 0.11790393013100436, 0.07467248908296943, 0.051965065502183404, 0.0445414847161572, 0.03275109170305677, 0.025327510917030567, 0.027074235807860263, 0.02925764192139738, 0.05327510917030567, 0.0388646288209607, 0.03537117903930131, 0.059388646288209605, 0.06157205240174673, 0.04716157205240175, 0.06550218340611354, 0.0794759825327511, 0.07729257641921397, 0.07554585152838428, 0.049344978165938864, 0.05109170305676856, 0.05152838427947598, 0.0462882096069869, 0.0611353711790393, 0.03449781659388646], [0.033624454148471615, 0.0611353711790393, 0.049344978165938864, 0.08820960698689956, 0.08209606986899563, 0.07336244541484715, 0.09475982532751091, 0.1183406113537118, 0.1406113537117904, 0.12620087336244543, 0.18908296943231442, 0.26375545851528387, 0.1480349344978166, 0.13755458515283842, 0.14934497816593886, 0.10349344978165939, 0.06724890829694323, 0.053711790393013104, 0.039301310043668124, 0.02576419213973799, 0.034934497816593885, 0.037991