{"rep": [[[0.09689265536723164, 0.08163841807909604, 0.062146892655367235, 0.06073446327683616, 0.03531073446327684, 0.03305084745762712, 0.07090395480225989, 0.06129943502824859, 0.05903954802259887, 0.05112994350282486, 0.044915254237288135, 0.0403954802259887, 0.0192090395480226, 0.018361581920903956, 0.03135593220338983, 0.015819209039548022, 0.007344632768361582, 0.010169491525423728, 0.0064971751412429375, 0.003389830508474576, 0.003389830508474576, 0.006779661016949152, 0.012711864406779662, 0.009887005649717515, 0.014124293785310734, 0.027401129943502824, 0.02457627118644068, 0.0096045197740113, 0.02231638418079096, 0.022598870056497175, 0.0211864406779661, 0.02062146892655367, 0.01384180790960452, 0.01440677966101695, 0.012429378531073447, 0.01327683615819209, 0.01638418079096045, 0.00903954802259887], [0.08163841807909604, 0.1384180790960452, 0.09350282485875706, 0.08954802259887006, 0.05706214689265537, 0.06638418079096045, 0.12316384180790961, 0.10847457627118644, 0.1, 0.07542372881355933, 0.07853107344632769, 0.06666666666666667, 0.026836158192090395, 0.029943502824858758, 0.048305084745762714, 0.029943502824858758, 0.010734463276836158, 0.012711864406779662, 0.009322033898305085, 0.007909604519774011, 0.0062146892655367235, 0.010451977401129943, 0.0192090395480226, 0.015819209039548022, 0.02005649717514124, 0.04576271186440678, 0.03898305084745763, 0.015536723163841809, 0.037005649717514126, 0.038700564971751415, 0.03389830508474576, 0.029661016949152543, 0.02005649717514124, 0.02062146892655367, 0.016666666666666666, 0.021468926553672316, 0.025706214689265535, 0.012429378531073447], [0.062146892655367235, 0.09350282485875706, 0.12231638418079097, 0.09632768361581921, 0.07711864406779662, 0.06892655367231638, 0.08926553672316384, 0.08615819209039548, 0.07316384180790961, 0.05112994350282486, 0.0655367231638418, 0.05423728813559322, 0.01807909604519774, 0.0288135593220339, 0.043785310734463276, 0.020903954802259886, 0.0062146892655367235, 0.012146892655367232, 0.0096045197740113, 0.006779661016949152, 0.005084745762711864, 0.010734463276836158, 0.018926553672316385, 0.016666666666666666, 0.018361581920903956, 0.04293785310734463, 0.031638418079096044, 0.014971751412429379, 0.038135593220338986, 0.03502824858757062, 0.03220338983050847, 0.027401129943502824, 0.0192090395480226, 0.022033898305084745, 0.01751412429378531, 0.020338983050847456, 0.026271186440677965, 0.012429378531073447], [0.06073446327683616, 0.08954802259887006, 0.09632768361581921, 0.16214689265536722, 0.11186440677966102, 0.08502824858757062, 0.10875706214689265, 0.11186440677966102, 0.10197740112994351, 0.07711864406779662, 0.09096045197740113, 0.08446327683615819, 0.03446327683615819, 0.04689265536723164, 0.05790960451977401, 0.03192090395480226, 0.020338983050847456, 0.02344632768361582, 0.015536723163841809, 0.011016949152542373, 0.010169491525423728, 0.014689265536723164, 0.024858757062146894, 0.02231638418079096, 0.022033898305084745, 0.04745762711864407, 0.03983050847457627, 0.02457627118644068, 0.046045197740112995, 0.039265536723163845, 0.04011299435028248, 0.036440677966101696, 0.02514124293785311, 0.030508474576271188, 0.030790960451977403, 0.03389830508474576, 0.0423728813559322, 0.0211864406779661], [0.03531073446327684, 0.05706214689265537, 0.07711864406779662, 0.11186440677966102, 0.1367231638418079, 0.09265536723163842, 0.08418079096045197, 0.08926553672316384, 0.08446327683615819, 0.05621468926553672, 0.07966101694915254, 0.07655367231638419, 0.030225988700564973, 0.03898305084745763, 0.05564971751412429, 0.030508474576271188, 0.017231638418079096, 0.02005649717514124, 0.01751412429378531, 0.014971751412429379, 0.012711864406779662, 0.015819209039548022, 0.030225988700564973, 0.024858757062146894, 0.02175141242937853, 0.042655367231638416, 0.03587570621468927, 0.020903954802259886, 0.04293785310734463, 0.039265536723163845, 0.03672316384180791, 0.031638418079096044, 0.020903954802259886, 0.024858757062146894, 0.026836158192090395, 0.030790960451977403, 0.04011299435028248, 0.0192090395480226], [0.03305084745762712, 0.06638418079096045, 0.06892655367231638, 0.08502824858757062, 0.09265536723163842, 0.1426553672316384, 0.10282485875706214, 0.09971751412429379, 0.09124293785310734, 0.06836158192090395, 0.08446327683615819, 0.07401129943502825, 0.03728813559322034, 0.03587570621468927, 0.05, 0.0327683615819209, 0.02231638418079096, 0.02005649717514124, 0.02231638418079096, 0.01977401129943503, 0.015819209039548022, 0.0192090395480226, 0.03615819209039548, 0.025706214689265535, 0.02288135593220339, 0.03672316384180791, 0.0327683615819209, 0.019491525423728815, 0.0327683615819209, 0.03559322033898305, 0.028531073446327684, 0.026836158192090395, 0.020903954802259886, 0.027966101694915254, 0.02598870056497175, 0.031073446327683617, 0.03474576271186441, 0.02005649717514124], [0.07090395480225989, 0.12316384180790961, 0.08926553672316384, 0.10875706214689265, 0.08418079096045197, 0.10282485875706214, 0.1748587570621469, 0.14943502824858756, 0.134180790960452, 0.1, 0.10903954802259887, 0.0940677966101695, 0.04350282485875706, 0.0423728813559322, 0.06440677966101695, 0.04293785310734463, 0.02514124293785311, 0.02175141242937853, 0.02005649717514124, 0.01751412429378531, 0.014971751412429379, 0.0192090395480226, 0.03305084745762712, 0.02401129943502825, 0.025706214689265535, 0.052259887005649715, 0.04689265536723164, 0.020903954802259886, 0.04209039548022599, 0.04689265536723164, 0.03954802259887006, 0.03785310734463277, 0.02288135593220339, 0.027401129943502824, 0.026271186440677965, 0.03361581920903955, 0.03785310734463277, 0.01977401129943503], [0.06129943502824859, 0.10847457627118644, 0.08615819209039548, 0.11186440677966102, 0.08926553672316384, 0.09971751412429379, 0.14943502824858756, 0.21242937853107344, 0.16638418079096046, 0.13050847457627118, 0.14774011299435028, 0.13361581920903956, 0.06384180790960452, 0.0672316384180791, 0.08870056497175141, 0.053389830508474574, 0.038700564971751415, 0.0384180790960452, 0.025423728813559324, 0.018926553672316385, 0.01807909604519774, 0.020338983050847456, 0.03898305084745763, 0.031638418079096044, 0.0327683615819209, 0.05819209039548023, 0.05621468926553672, 0.038135593220338986, 0.05649717514124294, 0.06299435028248587, 0.05593220338983051, 0.05367231638418079, 0.03389830508474576, 0.04209039548022599, 0.03615819209039548, 0.04350282485875706, 0.04943502824858757, 0.025423728813559324], [0.05903954802259887, 0.1, 0.07316384180790961, 0.10197740112994351, 0.08446327683615819, 0.09124293785310734, 0.134180790960452, 0.16638418079096046, 0.21581920903954802, 0.15056497175141242, 0.14689265536723164, 0.13898305084745763, 0.07231638418079096, 0.06299435028248587, 0.07853107344632769, 0.05508474576271186, 0.03418079096045198, 0.025423728813559324, 0.02457627118644068, 0.02062146892655367, 0.0192090395480226, 0.02231638418079096, 0.04350282485875706, 0.02824858757062147, 0.027401129943502824, 0.05677966101694915, 0.06327683615819209, 0.042655367231638416, 0.06016949152542373, 0.06581920903954802, 0.05903954802259887, 0.0576271186440678, 0.03672316384180791, 0.044915254237288135, 0.04406779661016949, 0.04858757062146893, 0.05056497175141243, 0.02824858757062147], [0.05112994350282486, 0.07542372881355933, 0.05112994350282486, 0.07711864406779662, 0.05621468926553672, 0.06836158192090395, 0.1, 0.13050847457627118, 0.15056497175141242, 0.21638418079096045, 0.1576271186440678, 0.14209039548022598, 0.09661016949152543, 0.0788135593220339, 0.07740112994350283, 0.04943502824858757, 0.042655367231638416, 0.03587570621468927, 0.02175141242937853, 0.017231638418079096, 0.018926553672316385, 0.02344632768361582, 0.04293785310734463, 0.03135593220338983, 0.03220338983050847, 0.04463276836158192, 0.054519774011299434, 0.04463276836158192, 0.04067796610169491, 0.046610169491525424, 0.04406779661016949, 0.053389830508474574, 0.037005649717514126, 0.047175141242937854, 0.04293785310734463, 0.046610169491525424, 0.047740112994350284, 0.026271186440677965], [0.044915254237288135, 0.07853107344632769, 0.0655367231638418, 0.09096045197740113, 0.07966101694915254, 0.08446327683615819, 0.10903954802259887, 0.14774011299435028, 0.14689265536723164, 0.1576271186440678, 0.2675141242937853, 0.21016949152542372, 0.1271186440677966, 0.13022598870056498, 0.146045197740113, 0.08361581920903954, 0.06299435028248587, 0.061581920903954805, 0.036440677966101696, 0.02457627118644068, 0.027966101694915254, 0.03418079096045198, 0.053389830508474574, 0.03898305084745763, 0.03502824858757062, 0.06638418079096045, 0.06638418079096045, 0.043220338983050846, 0.06638418079096045, 0.07429378531073447, 0.06751412429378531, 0.0655367231638418, 0.04350282485875706, 0.05310734463276836, 0.05, 0.04745762711864407, 0.06497175141242938, 0.03192090395480226], [0.0403954802259887, 0.06666666666666667, 0.05423728813559322, 0.08446327683615819, 0.07655367231638419, 0.07401129943502825, 0.0940677966101695, 0.13361581920903956, 0.13898305084745763, 0.14209039548022598, 0.21016949152542372, 0.27796610169491526, 0.15084745762711865, 0.14943502824858756, 0.17231638418079095, 0.10677966101694915, 0.07372881355932204, 0.07231638418079096, 0.04011299435028248, 0.02711864406779661, 0.03389830508474576, 0.03728813559322034, 0.060451977401129946, 0.04576271186440678, 0.04406779661016949, 0.08248587570621468, 0.08333333333333333, 0.05706214689265537, 0.08700564971751412, 0.09322033898305085, 0.07966101694915254, 0.07372881355932204, 0.05028248587570622, 0.06186440677966102, 0.05903954802259887, 0.04943502824858757, 0.07316384180790961, 0.03672316384180791], [0.0192090395480226, 0.026836158192090395, 0.01807909604519774, 0.03446327683615819, 0.030225988700564973, 0.03728813559322034, 0.04350282485875706, 0.06384180790960452, 0.07231638418079096, 0.09661016949152543, 0.1271186440677966, 0.15084745762711865, 0.17824858757062148, 0.13050847457627118, 0.11553672316384181, 0.06779661016949153, 0.05593220338983051, 0.044915254237288135, 0.024858757062146894, 0.014689265536723164, 0.022033898305084745, 0.02711864406779661, 0.03587570621468927, 0.02711864406779661, 0.02768361581920904, 0.038700564971751415, 0.052259887005649715, 0.04576271186440678, 0.03785310734463277, 0.047175141242937854, 0.04745762711864407, 0.046610169491525424, 0.03333333333333333, 0.04209039548022599, 0.04067796610169491, 0.0327683615819209, 0.046045197740112995, 0.024858757062146894], [0.018361581920903956, 0.029943502824858758, 0.0288135593220339, 0.04689265536723164, 0.03898305084745763, 0.03587570621468927, 0.0423728813559322, 0.0672316384180791, 0.06299435028248587, 0.0788135593220339, 0.13022598870056498, 0.14943502824858756, 0.13050847457627118, 0.2344632768361582, 0.17768361581920905, 0.10310734463276836, 0.0847457627118644, 0.09265536723163842, 0.043785310734463276, 0.027401129943502824, 0.043220338983050846, 0.042655367231638416, 0.0576271186440678, 0.05508474576271186, 0.05649717514124294, 0.06581920903954802, 0.08926553672316384, 0.07401129943502825, 0.07994350282485875, 0.09548022598870057, 0.07288135593220339, 0.0596045197740113, 0.048305084745762714, 0.05875706214689266, 0.04971751412429379, 0.04576271186440678, 0.06440677966101695, 0.026836158192090395], [0.03135593220338983, 0.048305084745762714, 0.043785310734463276, 0.05790960451977401, 0.05564971751412429, 0.05, 0.06440677966101695, 0.08870056497175141, 0.07853107344632769, 0.07740112994350283, 0.146045197740113, 0.17231638418079095, 0.11553672316384181, 0.17768361581920905, 0.29124293785310734, 0.1638418079096045, 0.11214689265536723, 0.1248587570621469, 0.0655367231638418, 0.04519774011299435, 0.05875706214689266, 0.06694915254237288, 0.09463276836158192, 0.08898305084745763, 0.08926553672316384, 0.11186440677966102, 0.12401129943502825, 0.0788135593220339, 0.10338983050847457, 0.12062146892655368, 0.08531073446327683, 0.0672316384180791, 0.04971751412429379, 0.05875706214689266, 0.05819209039548023, 0.05, 0.07909604519774012, 0.03446327683615819], [0.015819209039548022, 0.029943502824858758, 0.020903954802259886, 0.03192090395480226, 0.030508474576271188, 0.0327683615819209, 0.04293785310734463, 0.053389830508474574, 0.05508474576271186, 0.04943502824858757, 0.08361581920903954, 0.10677966101694915, 0.06779661016949153, 0.10310734463276836, 0.1638418079096045, 0.2115819209039548, 0.11779661016949153, 0.10875706214689265, 0.07570621468926554, 0.05084745762711865, 0.05677966101694915, 0.05677966101694915, 0.08050847457627118, 0.07175141242937853, 0.06666666666666667, 0.08220338983050847, 0.09124293785310734, 0.0596045197740113, 0.06666666666666667, 0.0807909604519774, 0.0576271186440678, 0.0423728813559322, 0.03135593220338983, 0.03502824858757062, 0.03615819209039548, 0.029096045197740113, 0.052259887005649715, 0.02288135593220339], [0.007344632768361582, 0.010734463276836158, 0.0062146892655367235, 0.020338983050847456, 0.017231638418079096, 0.02231638418079096, 0.02514124293785311, 0.038700564971751415, 0.03418079096045198, 0.042655367231638416, 0.06299435028248587, 0.07372881355932204, 0.05593220338983051, 0.0847457627118644, 0.11214689265536723, 0.11779661016949153, 0.16807909604519775, 0.12542372881355932, 0.07994350282485875, 0.05593220338983051, 0.06073446327683616, 0.04858757062146893, 0.06666666666666667, 0.05706214689265537, 0.048305084745762714, 0.04858757062146893, 0.06186440677966102, 0.0403954802259887, 0.031638418079096044, 0.043785310734463276, 0.03587570621468927, 0.026271186440677965, 0.024293785310734464, 0.02824858757062147, 0.027401129943502824, 0.024858757062146894, 0.037570621468926556, 0.01694915254237288], [0.010169491525423728, 0.012711864406779662, 0.012146892655367232, 0.02344632768361582, 0.02005649717514124, 0.02005649717514124, 0.02175141242937853, 0.0384180790960452, 0.025423728813559324, 0.03587570621468927, 0.061581920903954805, 0.07231638418079096, 0.044915254237288135, 0.09265536723163842, 0.1248587570621469, 0.10875706214689265, 0.12542372881355932, 0.20056497175141244, 0.10423728813559321, 0.07627118644067797, 0.08107344632768361, 0.07259887005649718, 0.0884180790960452, 0.08361581920903954, 0.0748587570621469, 0.06779661016949153, 0.07062146892655367, 0.05734463276836158, 0.047175141242937854, 0.05593220338983051, 0.039265536723163845, 0.0288135593220339, 0.02457627118644068, 0.030508474576271188, 0.026271186440677965, 0.024858757062146894, 0.04632768361581921, 0.01807909604519774], [0.0064971751412429375, 0.009322033898305085, 0.0096045197740113, 0.015536723163841809, 0.01751412429378531, 0.02231638418079096, 0.02005649717514124, 0.025423728813559324, 0.02457627118644068, 0.02175141242937853, 0.036440677966101696, 0.04011299435028248, 0.024858757062146894, 0.043785310734463276, 0.0655367231638418, 0.07570621468926554, 0.07994350282485875, 0.10423728813559321, 0.1344632768361582, 0.08757062146892655, 0.07203389830508475, 0.060451977401129946, 0.06949152542372881, 0.05423728813559322, 0.04745762711864407, 0.045480225988700565, 0.052824858757062144, 0.02598870056497175, 0.023728813559322035, 0.03672316384180791, 0.02344632768361582, 0.017796610169491526, 0.014971751412429379, 0.01694915254237288, 0.017231638418079096, 0.01327683615819209, 0.026836158192090395, 0.011299435028248588], [0.003389830508474576, 0.007909604519774011, 0.006779661016949152, 0.011016949152542373, 0.014971751412429379, 0.01977401129943503, 0.01751412429378531, 0.018926553672316385, 0.02062146892655367, 0.017231638418079096, 0.02457627118644068, 0.02711864406779661, 0.014689265536723164, 0.027401129943502824, 0.04519774011299435, 0.05084745762711865, 0.05593220338983051, 0.07627118644067797, 0.08757062146892655, 0.10790960451977401, 0.07796610169491526, 0.06525423728813559, 0.06892655367231638, 0.05, 0.044915254237288135, 0.04463276836158192, 0.044915254237288135, 0.01977401129943503, 0.023163841807909605, 0.028531073446327684, 0.014689265536723164, 0.011299435028248588, 0.010451977401129943, 0.014689265536723164, 0.016666666666666666, 0.012429378531073447, 0.02288135593220339, 0.008192090395480226], [0.003389830508474576, 0.0062146892655367235, 0.005084745762711864, 0.010169491525423728, 0.012711864406779662, 0.015819209039548022, 0.014971751412429379, 0.01807909604519774, 0.0192090395480226, 0.018926553672316385, 0.027966101694915254, 0.03389830508474576, 0.022033898305084745, 0.043220338983050846, 0.05875706214689266, 0.05677966101694915, 0.06073446327683616, 0.08107344632768361, 0.07203389830508475, 0.07796610169491526, 0.13531073446327685, 0.08926553672316384, 0.09745762711864407, 0.07542372881355933, 0.06638418079096045, 0.06073446327683616, 0.06497175141242938, 0.031638418079096044, 0.03135593220338983, 0.04124293785310734, 0.025423728813559324, 0.01977401129943503, 0.017796610169491526, 0.026271186440677965, 0.022598870056497175, 0.02175141242937853, 0.03135593220338983, 0.010451977401129943], [0.006779661016949152, 0.010451977401129943, 0.010734463276836158, 0.014689265536723164, 0.015819209039548022, 0.0192090395480226, 0.0192090395480226, 0.020338983050847456, 0.02231638418079096, 0.02344632768361582, 0.03418079096045198, 0.03728813559322034, 0.02711864406779661, 0.042655367231638416, 0.06694915254237288, 0.05677966101694915, 0.04858757062146893, 0.07259887005649718, 0.060451977401129946, 0.06525423728813559, 0.08926553672316384, 0.15028248587570622, 0.11977401129943503, 0.09858757062146893, 0.08785310734463277, 0.0807909604519774, 0.06440677966101695, 0.030225988700564973, 0.03983050847457627, 0.046045197740112995, 0.026271186440677965, 0.022033898305084745, 0.017796610169491526, 0.02598870056497175, 0.02344632768361582, 0.02005649717514124, 0.03474576271186441, 0.011581920903954802], [0.012711864406779662, 0.0192090395480226, 0.018926553672316385, 0.024858757062146894, 0.030225988700564973, 0.03615819209039548, 0.03305084745762712, 0.03898305084745763, 0.04350282485875706, 0.04293785310734463, 0.053389830508474574, 0.060451977401129946, 0.03587570621468927, 0.0576271186440678, 0.09463276836158192, 0.08050847457627118, 0.06666666666666667, 0.0884180790960452, 0.06949152542372881, 0.06892655367231638, 0.09745762711864407, 0.11977401129943503, 0.20677966101694914, 0.14378531073446327, 0.12429378531073447, 0.1172316384180791, 0.103954802259887, 0.05593220338983051, 0.05677966101694915, 0.06864406779661017, 0.04209039548022599, 0.03446327683615819, 0.027401129943502824, 0.03446327683615819, 0.03559322033898305, 0.030790960451977403, 0.047175141242937854, 0.01751412429378531], [0.009887005649717515, 0.015819209039548022, 0.016666666666666666, 0.02231638418079096, 0.024858757062146894, 0.025706214689265535, 0.02401129943502825, 0.031638418079096044, 0.02824858757062147, 0.03135593220338983, 0.03898305084745763, 0.04576271186440678, 0.02711864406779661, 0.05508474576271186, 0.08898305084745763, 0.07175141242937853, 0.05706214689265537, 0.08361581920903954, 0.05423728813559322, 0.05, 0.07542372881355933, 0.09858757062146893, 0.14378531073446327, 0.17288135593220338, 0.13502824858757062, 0.10677966101694915, 0.09830508474576272, 0.05875706214689266, 0.05536723163841808, 0.06497175141242938, 0.03418079096045198, 0.027966101694915254, 0.022598870056497175, 0.029661016949152543, 0.0288135593220339, 0.02288135593220339, 0.03587570621468927, 0.011581920903954802], [0.014124293785310734, 0.02005649717514124, 0.018361581920903956, 0.022033898305084745, 0.02175141242937853, 0.02288135593220339, 0.025706214689265535, 0.0327683615819209, 0.027401129943502824, 0.03220338983050847, 0.03502824858757062, 0.04406779661016949, 0.02768361581920904, 0.05649717514124294, 0.08926553672316384, 0.06666666666666667, 0.048305084745762714, 0.0748587570621469, 0.04745762711864407, 0.044915254237288135, 0.06638418079096045, 0.08785310734463277, 0.12429378531073447, 0.13502824858757062, 0.17259887005649718, 0.12937853107344632, 0.11101694915254237, 0.0672316384180791, 0.0635593220338983, 0.06949152542372881, 0.03728813559322034, 0.03220338983050847, 0.024858757062146894, 0.03389830508474576, 0.031073446327683617, 0.02598870056497175, 0.03898305084745763, 0.01384180790960452], [0.027401129943502824, 0.04576271186440678, 0.04293785310734463, 0.04745762711864407, 0.042655367231638416, 0.03672316384180791, 0.052259887005649715, 0.05819209039548023, 0.05677966101694915, 0.04463276836158192, 0.06638418079096045, 0.08248587570621468, 0.038700564971751415, 0.06581920903954802, 0.11186440677966102, 0.08220338983050847, 0.04858757062146893, 0.06779661016949153, 0.045480225988700565, 0.04463276836158192, 0.06073446327683616, 0.0807909604519774, 0.1172316384180791, 0.10677966101694915, 0.12937853107344632, 0.211864406779661, 0.13983050847457626, 0.07796610169491526, 0.09632768361581921, 0.10875706214689265, 0.07429378531073447, 0.05649717514124294, 0.038135593220338986, 0.04519774011299435, 0.042655367231638416, 0.037570621468926556, 0.0596045197740113, 0.023163841807909605], [0.02457627118644068, 0.03898305084745763, 0.031638418079096044, 0.03983050847457627, 0.03587570621468927, 0.0327683615819209, 0.04689265536723164, 0.05621468926553672, 0.06327683615819209, 0.054519774011299434, 0.06638418079096045, 0.08333333333333333, 0.052259887005649715, 0.08926553672316384, 0.12401129943502825, 0.09124293785310734, 0.06186440677966102, 0.07062146892655367, 0.052824858757062144, 0.044915254237288135, 0.06497175141242938, 0.06440677966101695, 0.103954802259887, 0.09830508474576272, 0.11101694915254237, 0.13983050847457626, 0.22231638418079097, 0.11242937853107345, 0.11186440677966102, 0.12570621468926554, 0.08305084745762711, 0.062146892655367235, 0.042655367231638416, 0.05112994350282486, 0.04971751412429379, 0.042655367231638416, 0.06412429378531073, 0.023163841807909605], [0.0096045197740113, 0.015536723163841809, 0.014971751412429379, 0.02457627118644068, 0.020903954802259886, 0.019491525423728815, 0.020903954802259886, 0.038135593220338986, 0.042655367231638416, 0.04463276836158192, 0.043220338983050846, 0.05706214689265537, 0.04576271186440678, 0.07401129943502825, 0.0788135593220339, 0.0596045197740113, 0.0403954802259887, 0.05734463276836158, 0.02598870056497175, 0.01977401129943503, 0.031638418079096044, 0.030225988700564973, 0.05593220338983051, 0.05875706214689266, 0.0672316384180791, 0.07796610169491526, 0.11242937853107345, 0.16073446327683616, 0.10451977401129943, 0.09915254237288136, 0.08022598870056497, 0.06327683615819209, 0.04011299435028248, 0.04463276836158192, 0.04915254237288136, 0.04096045197740113, 0.05875706214689266, 0.02344632768361582], [0.02231638418079096, 0.037005649717514126, 0.038135593220338986, 0.046045197740112995, 0.04293785310734463, 0.0327683615819209, 0.04209039548022599, 0.05649717514124294, 0.06016949152542373, 0.04067796610169491, 0.06638418079096045, 0.08700564971751412, 0.03785310734463277, 0.07994350282485875, 0.10338983050847457, 0.06666666666666667, 0.031638418079096044, 0.047175141242937854, 0.023728813559322035, 0.023163841807909605, 0.03135593220338983, 0.03983050847457627, 0.05677966101694915, 0.05536723163841808, 0.0635593220338983, 0.09632768361581921, 0.11186440677966102, 0.10451977401129943, 0.18446327683615818, 0.14209039548022598, 0.09632768361581921, 0.07655367231638419, 0.05254237288135593, 0.053389830508474574, 0.05649717514124294, 0.05056497175141243, 0.0748587570621469, 0.031638418079096044], [0.022598870056497175, 0.038700564971751415, 0.03502824858757062, 0.039265536723163845, 0.039265536723163845, 0.03559322033898305, 0.04689265536723164, 0.06299435028248587, 0.06581920903954802, 0.046610169491525424, 0.07429378531073447, 0.09322033898305085, 0.047175141242937854, 0.09548022598870057, 0.12062146892655368, 0.0807909604519774, 0.043785310734463276, 0.05593220338983051, 0.03672316384180791, 0.028531073446327684, 0.04124293785310734, 0.046045197740112995, 0.06864406779661017, 0.06497175141242938, 0.06949152542372881, 0.10875706214689265, 0.12570621468926554, 0.09915254237288136, 0.14209039548022598, 0.211864406779661, 0.12740112994350283, 0.10028248587570622, 0.0672316384180791, 0.0692090395480226, 0.0635593220338983, 0.059887005649717516, 0.08502824858757062, 0.036440677966101696], [0.0211864406779661, 0.03389830508474576, 0.03220338983050847, 0.04011299435028248, 0.03672316384180791, 0.028531073446327684, 0.03954802259887006, 0.05593220338983051, 0.05903954802259887, 0.04406779661016949, 0.06751412429378531, 0.07966101694915254, 0.04745762711864407, 0.07288135593220339, 0.08531073446327683, 0.0576271186440678, 0.03587570621468927, 0.039265536723163845, 0.02344632768361582, 0.014689265536723164, 0.025423728813559324, 0.026271186440677965, 0.04209039548022599, 0.03418079096045198, 0.03728813559322034, 0.07429378531073447, 0.08305084745762711, 0.08022598870056497, 0.09632768361581921, 0.12740112994350283, 0.17994350282485877, 0.12146892655367232, 0.08531073446327683, 0.08220338983050847, 0.07401129943502825, 0.06581920903954802, 0.08644067796610169, 0.03785310734463277], [0.02062146892655367, 0.029661016949152543, 0.027401129943502824, 0.036440677966101696, 0.031638418079096044, 0.026836158192090395, 0.03785310734463277, 0.05367231638418079, 0.0576271186440678, 0.053389830508474574, 0.0655367231638418, 0.07372881355932204, 0.046610169491525424, 0.0596045197740113, 0.0672316384180791, 0.0423728813559322, 0.026271186440677965, 0.0288135593220339, 0.017796610169491526, 0.011299435028248588, 0.01977401129943503, 0.022033898305084745, 0.03446327683615819, 0.027966101694915254, 0.03220338983050847, 0.05649717514124294, 0.062146892655367235, 0.06327683615819209, 0.07655367231638419, 0.10028248587570622, 0.12146892655367232, 0.17005649717514124, 0.1096045197740113, 0.10197740112994351, 0.08785310734463277, 0.07740112994350283, 0.08559322033898305, 0.03954802259887006], [0.01384180790960452, 0.02005649717514124, 0.0192090395480226, 0.02514124293785311, 0.020903954802259886, 0.020903954802259886, 0.02288135593220339, 0.03389830508474576, 0.03672316384180791, 0.037005649717514126, 0.04350282485875706, 0.05028248587570622, 0.03333333333333333, 0.048305084745762714, 0.04971751412429379, 0.03135593220338983, 0.024293785310734464, 0.02457627118644068, 0.014971751412429379, 0.010451977401129943, 0.017796610169491526, 0.017796610169491526, 0.027401129943502824, 0.022598870056497175, 0.024858757062146894, 0.038135593220338986, 0.042655367231638416, 0.04011299435028248, 0.05254237288135593, 0.0672316384180791, 0.08531073446327683, 0.1096045197740113, 0.13644067796610168, 0.11242937853107345, 0.08757062146892655, 0.07316384180790961, 0.07542372881355933, 0.03672316384180791], [0.01440677966101695, 0.02062146892655367, 0.022033898305084745, 0.030508474576271188, 0.024858757062146894, 0.027966101694915254, 0.027401129943502824, 0.04209039548022599, 0.044915254237288135, 0.047175141242937854, 0.05310734463276836, 0.06186440677966102, 0.04209039548022599, 0.05875706214689266, 0.05875706214689266, 0.03502824858757062, 0.02824858757062147, 0.030508474576271188, 0.01694915254237288, 0.014689265536723164, 0.026271186440677965, 0.02598870056497175, 0.03446327683615819, 0.029661016949152543, 0.03389830508474576, 0.04519774011299435, 0.05112994350282486, 0.04463276836158192, 0.053389830508474574, 0.0692090395480226, 0.08220338983050847, 0.10197740112994351, 0.11242937853107345, 0.16242937853107345, 0.1096045197740113, 0.09576271186440678, 0.09717514124293786, 0.04745762711864407], [0.012429378531073447, 0.016666666666666666, 0.01751412429378531, 0.030790960451977403, 0.026836158192090395, 0.02598870056497175, 0.026271186440677965, 0.03615819209039548, 0.04406779661016949, 0.04293785310734463, 0.05, 0.05903954802259887, 0.04067796610169491, 0.04971751412429379, 0.05819209039548023, 0.03615819209039548, 0.027401129943502824, 0.026271186440677965, 0.017231638418079096, 0.016666666666666666, 0.022598870056497175, 0.02344632768361582, 0.03559322033898305, 0.0288135593220339, 0.031073446327683617, 0.042655367231638416, 0.04971751412429379, 0.04915254237288136, 0.05649717514124294, 0.0635593220338983, 0.07401129943502825, 0.08785310734463277, 0.08757062146892655, 0.1096045197740113, 0.1672316384180791, 0.11129943502824859, 0.11892655367231639, 0.06384180790960452], [0.01327683615819209, 0.021468926553672316, 0.020338983050847456, 0.03389830508474576, 0.030790960451977403, 0.031073446327683617, 0.03361581920903955, 0.04350282485875706, 0.04858757062146893, 0.046610169491525424, 0.04745762711864407, 0.04943502824858757, 0.0327683615819209, 0.04576271186440678, 0.05, 0.029096045197740113, 0.024858757062146894, 0.024858757062146894, 0.01327683615819209, 0.012429378531073447, 0.02175141242937853, 0.02005649717514124, 0.030790960451977403, 0.02288135593220339, 0.02598870056497175, 0.037570621468926556, 0.042655367231638416, 0.04096045197740113, 0.05056497175141243, 0.059887005649717516, 0.06581920903954802, 0.07740112994350283, 0.07316384180790961, 0.09576271186440678, 0.11129943502824859, 0.16045197740112993, 0.12627118644067797, 0.07175141242937853], [0.01638418079096045, 0.025706214689265535, 0.026271186440677965, 0.0423728813559322, 0.04011299435028248, 0.03474576271186441, 0.03785310734463277, 0.04943502824858757, 0.05056497175141243, 0.047740112994350284, 0.06497175141242938, 0.07316384180790961, 0.046045197740112995, 0.06440677966101695, 0.07909604519774012, 0.052259887005649715, 0.037570621468926556, 0.04632768361581921, 0.026836158192090395, 0.02288135593220339, 0.03135593220338983, 0.03474576271186441, 0.047175141242937854, 0.03587570621468927, 0.03898305084745763, 0.0596045197740113, 0.06412429378531073, 0.05875706214689266, 0.0748587570621469, 0.08502824858757062, 0.08644067796610169, 0.08559322033898305, 0.07542372881355933, 0.09717514124293786, 0.11892655367231639, 0.12627118644067797, 0.21129943502824858, 0.10197740112994351], [0.00903954802259887, 0.012429378531073447, 0.012429378531073447, 0.0211864406779661, 0.0192090395480226, 0.02005649717514124, 0.01977401129943503, 0.025423728813559324, 0.02824858757062147, 0.026271186440677965, 0.03192090395480226, 0.03672316384180791, 0.024858757062146894, 0.026836158192090395, 0.03446327683615819, 0.02288135593220339, 0.01694915254237288, 0.01807909604519774, 0.011299435028248588, 0.008192090395480226, 0.010451977401129943, 0.011581920903954802, 0.01751412429378531, 0.011581920903954802, 0.01384180790960452, 0.023163841807909605, 0.023163841807909605, 0.02344632768361582, 0.031638418079096044, 0.036440677966101696, 0.03785310734463277, 0.03954802259887006, 0.03672316384180791, 0.04745762711864407, 0.06384180790960452, 0.07175141242937853, 0.10197740112994351, 0.10480225988700564]], [[0.09745762711864407, 0.08305084745762711, 0.0596045197740113, 0.06440677966101695, 0.0403954802259887, 0.037005649717514126, 0.06751412429378531, 0.06327683615819209, 0.05847457627118644, 0.045480225988700565, 0.044915254237288135, 0.04209039548022599, 0.018926553672316385, 0.017796610169491526, 0.030508474576271188, 0.020338983050847456, 0.007344632768361582, 0.0062146892655367235, 0.0064971751412429375, 0.005084745762711864, 0.005084745762711864, 0.009887005649717515, 0.015536723163841809, 0.012994350282485875, 0.013559322033898305, 0.026836158192090395, 0.020903954802259886, 0.007344632768361582, 0.023163841807909605, 0.020338983050847456, 0.019491525423728815, 0.02062146892655367, 0.015254237288135594, 0.017231638418079096, 0.014971751412429379, 0.012994350282485875, 0.019491525423728815, 0.0096045197740113], [0.08305084745762711, 0.13333333333333333, 0.08672316384180791, 0.08615819209039548, 0.060451977401129946, 0.06497175141242938, 0.11440677966101695, 0.10423728813559321, 0.0923728813559322, 0.07090395480225989, 0.07005649717514124, 0.059887005649717516, 0.029661016949152543, 0.026836158192090395, 0.043220338983050846, 0.031073446327683617, 0.010734463276836158, 0.012146892655367232, 0.012146892655367232, 0.008192090395480226, 0.007627118644067797, 0.012711864406779662, 0.023728813559322035, 0.01807909604519774, 0.01864406779661017, 0.04124293785310734, 0.031638418079096044, 0.01384180790960452, 0.03474576271186441, 0.03502824858757062, 0.029096045197740113, 0.02655367231638418, 0.01977401129943503, 0.024858757062146894, 0.020903954802259886, 0.01807909604519774, 0.02768361581920904, 0.014124293785310734], [0.0596045197740113, 0.08672316384180791, 0.1135593220338983, 0.08983050847457627, 0.07740112994350283, 0.0635593220338983, 0.08107344632768361, 0.07937853107344633, 0.07005649717514124, 0.047740112994350284, 0.05367231638418079, 0.04887005649717514, 0.02175141242937853, 0.02231638418079096, 0.039265536723163845, 0.02344632768361582, 0.0062146892655367235, 0.009887005649717515, 0.010451977401129943, 0.005367231638418079, 0.003672316384180791, 0.0096045197740113, 0.02062146892655367, 0.012994350282485875, 0.015536723163841809, 0.03531073446327684, 0.027401129943502824, 0.014971751412429379, 0.0327683615819209, 0.029943502824858758, 0.02937853107344633, 0.0211864406779661, 0.015536723163841809, 0.01977401129943503, 0.01807909604519774, 0.01440677966101695, 0.027401129943502824, 0.013559322033898305], [0.06440677966101695, 0.08615819209039548, 0.08983050847457627, 0.15338983050847457, 0.10480225988700564, 0.07740112994350283, 0.09830508474576272, 0.10649717514124293, 0.10282485875706214, 0.0788135593220339, 0.08700564971751412, 0.08022598870056497, 0.03785310734463277, 0.038135593220338986, 0.0519774011299435, 0.03220338983050847, 0.015536723163841809, 0.018361581920903956, 0.012146892655367232, 0.010734463276836158, 0.009887005649717515, 0.014971751412429379, 0.027401129943502824, 0.019491525423728815, 0.0192090395480226, 0.04209039548022599, 0.038135593220338986, 0.022033898305084745, 0.04209039548022599, 0.036440677966101696, 0.03983050847457627, 0.03220338983050847, 0.023728813559322035, 0.027401129943502824, 0.027401129943502824, 0.024293785310734464, 0.04209039548022599, 0.022033898305084745], [0.0403954802259887, 0.060451977401129946, 0.07740112994350283, 0.10480225988700564, 0.1271186440677966, 0.08333333333333333, 0.07966101694915254, 0.08502824858757062, 0.08418079096045197, 0.05677966101694915, 0.07203389830508475, 0.0655367231638418, 0.02937853107344633, 0.029661016949152543, 0.046045197740112995, 0.0288135593220339, 0.012711864406779662, 0.01694915254237288, 0.016101694915254237, 0.013559322033898305, 0.011299435028248588, 0.015254237288135594, 0.02824858757062147, 0.0192090395480226, 0.01694915254237288, 0.03587570621468927, 0.03135593220338983, 0.01807909604519774, 0.03559322033898305, 0.0327683615819209, 0.03587570621468927, 0.0288135593220339, 0.01977401129943503, 0.022598870056497175, 0.02401129943502825, 0.02175141242937853, 0.037570621468926556, 0.01864406779661017], [0.037005649717514126, 0.06497175141242938, 0.0635593220338983, 0.07740112994350283, 0.08333333333333333, 0.12796610169491526, 0.08926553672316384, 0.08700564971751412, 0.07966101694915254, 0.06129943502824859, 0.07203389830508475, 0.062146892655367235, 0.03502824858757062, 0.027966101694915254, 0.042655367231638416, 0.030508474576271188, 0.01807909604519774, 0.019491525423728815, 0.018361581920903956, 0.015819209039548022, 0.01440677966101695, 0.01384180790960452, 0.03474576271186441, 0.020903954802259886, 0.02005649717514124, 0.03615819209039548, 0.031073446327683617, 0.019491525423728815, 0.030225988700564973, 0.03615819209039548, 0.030790960451977403, 0.029096045197740113, 0.023163841807909605, 0.0288135593220339, 0.02655367231638418, 0.02288135593220339, 0.03672316384180791, 0.017231638418079096], [0.06751412429378531, 0.11440677966101695, 0.08107344632768361, 0.09830508474576272, 0.07966101694915254, 0.08926553672316384, 0.1576271186440678, 0.13502824858757062, 0.12175141242937854, 0.09435028248587571, 0.09548022598870057, 0.07994350282485875, 0.04124293785310734, 0.03474576271186441, 0.053954802259887004, 0.03672316384180791, 0.019491525423728815, 0.01864406779661017, 0.01751412429378531, 0.013559322033898305, 0.012711864406779662, 0.013559322033898305, 0.031073446327683617, 0.022033898305084745, 0.022598870056497175, 0.046045197740112995, 0.03898305084745763, 0.01977401129943503, 0.03983050847457627, 0.04209039548022599, 0.036440677966101696, 0.03305084745762712, 0.023163841807909605, 0.02768361581920904, 0.02655367231638418, 0.023163841807909605, 0.03785310734463277, 0.017796610169491526], [0.06327683615819209, 0.10423728813559321, 0.07937853107344633, 0.10649717514124293, 0.08502824858757062, 0.08700564971751412, 0.13502824858757062, 0.19915254237288135, 0.15903954802259887, 0.13022598870056498, 0.134180790960452, 0.1192090395480226, 0.062146892655367235, 0.0519774011299435, 0.07514124293785311, 0.042655367231638416, 0.028531073446327684, 0.030225988700564973, 0.017231638418079096, 0.015819209039548022, 0.01638418079096045, 0.018361581920903956, 0.038135593220338986, 0.030225988700564973, 0.030225988700564973, 0.053389830508474574, 0.04689265536723164, 0.030225988700564973, 0.05028248587570622, 0.04971751412429379, 0.04971751412429379, 0.0480225988700565, 0.03389830508474576, 0.04096045197740113, 0.037570621468926556, 0.03446327683615819, 0.047175141242937854, 0.02288135593220339], [0.05847457627118644, 0.0923728813559322, 0.07005649717514124, 0.10282485875706214, 0.08418079096045197, 0.07966101694915254, 0.12175141242937854, 0.15903954802259887, 0.20649717514124294, 0.15282485875706214, 0.13587570621468928, 0.12909604519774012, 0.07853107344632769, 0.05593220338983051, 0.06638418079096045, 0.04463276836158192, 0.03135593220338983, 0.027401129943502824, 0.0211864406779661, 0.01977401129943503, 0.020903954802259886, 0.0211864406779661, 0.046045197740112995, 0.03248587570621469, 0.029661016949152543, 0.05593220338983051, 0.05819209039548023, 0.03672316384180791, 0.05423728813559322, 0.05423728813559322, 0.05367231638418079, 0.05084745762711865, 0.03333333333333333, 0.042655367231638416, 0.043220338983050846, 0.03502824858757062, 0.054519774011299434, 0.028531073446327684], [0.045480225988700565, 0.07090395480225989, 0.047740112994350284, 0.0788135593220339, 0.05677966101694915, 0.06129943502824859, 0.09435028248587571, 0.13022598870056498, 0.15282485875706214, 0.2115819209039548, 0.15, 0.1367231638418079, 0.09830508474576272, 0.06977401129943503, 0.07231638418079096, 0.04858757062146893, 0.04152542372881356, 0.03559322033898305, 0.023163841807909605, 0.022033898305084745, 0.025423728813559324, 0.02231638418079096, 0.047740112994350284, 0.03389830508474576, 0.03220338983050847, 0.047175141242937854, 0.052259887005649715, 0.0403954802259887, 0.03954802259887006, 0.0403954802259887, 0.04858757062146893, 0.05028248587570622, 0.03389830508474576, 0.04406779661016949, 0.04350282485875706, 0.0384180790960452, 0.05141242937853107, 0.029943502824858758], [0.044915254237288135, 0.07005649717514124, 0.05367231638418079, 0.08700564971751412, 0.07203389830508475, 0.07203389830508475, 0.09548022598870057, 0.134180790960452, 0.13587570621468928, 0.15, 0.2505649717514124, 0.19576271186440677, 0.12796610169491526, 0.11384180790960452, 0.12824858757062146, 0.07062146892655367, 0.052824858757062144, 0.04943502824858757, 0.02711864406779661, 0.021468926553672316, 0.02824858757062147, 0.029661016949152543, 0.05423728813559322, 0.0384180790960452, 0.03474576271186441, 0.05903954802259887, 0.061581920903954805, 0.042655367231638416, 0.05593220338983051, 0.0655367231638418, 0.06836158192090395, 0.061016949152542375, 0.037570621468926556, 0.048305084745762714, 0.04943502824858757, 0.03983050847457627, 0.0635593220338983, 0.030225988700564973], [0.04209039548022599, 0.059887005649717516, 0.04887005649717514, 0.08022598870056497, 0.0655367231638418, 0.062146892655367235, 0.07994350282485875, 0.1192090395480226, 0.12909604519774012, 0.1367231638418079, 0.19576271186440677, 0.26581920903954803, 0.15423728813559323, 0.13361581920903956, 0.15282485875706214, 0.09632768361581921, 0.06751412429378531, 0.061581920903954805, 0.03502824858757062, 0.025706214689265535, 0.03587570621468927, 0.038135593220338986, 0.06666666666666667, 0.04943502824858757, 0.04745762711864407, 0.07966101694915254, 0.07994350282485875, 0.05310734463276836, 0.077401129