{"rep": [[[0.06373626373626373, 0.05010989010989011, 0.033846153846153845, 0.032527472527472526, 0.0210989010989011, 0.01978021978021978, 0.04087912087912088, 0.03472527472527472, 0.02945054945054945, 0.022857142857142857, 0.024175824175824177, 0.022857142857142857, 0.018901098901098902, 0.01934065934065934, 0.021538461538461538, 0.011868131868131869, 0.0074725274725274725, 0.008351648351648353, 0.007032967032967033, 0.006593406593406593, 0.01010989010989011, 0.009230769230769232, 0.007912087912087912, 0.006153846153846154, 0.007912087912087912, 0.011868131868131869, 0.015824175824175824, 0.009230769230769232, 0.01054945054945055, 0.01054945054945055, 0.017582417582417582, 0.013626373626373627, 0.013186813186813187, 0.013626373626373627, 0.016263736263736263, 0.016263736263736263, 0.023736263736263738, 0.0074725274725274725], [0.05010989010989011, 0.08087912087912089, 0.04395604395604396, 0.04131868131868132, 0.02857142857142857, 0.04, 0.06769230769230769, 0.0589010989010989, 0.05054945054945055, 0.03956043956043956, 0.03868131868131868, 0.036483516483516484, 0.015384615384615385, 0.017142857142857144, 0.023296703296703296, 0.007032967032967033, 0.007912087912087912, 0.008791208791208791, 0.005714285714285714, 0.004835164835164835, 0.01010989010989011, 0.009230769230769232, 0.011428571428571429, 0.0074725274725274725, 0.01054945054945055, 0.014945054945054945, 0.014945054945054945, 0.01098901098901099, 0.012747252747252748, 0.01054945054945055, 0.016703296703296705, 0.011868131868131869, 0.011868131868131869, 0.011868131868131869, 0.014945054945054945, 0.017582417582417582, 0.033846153846153845, 0.013626373626373627], [0.033846153846153845, 0.04395604395604396, 0.07076923076923076, 0.056263736263736264, 0.04351648351648352, 0.03472527472527472, 0.047472527472527476, 0.041758241758241756, 0.03736263736263736, 0.022857142857142857, 0.025054945054945054, 0.024615384615384615, 0.014945054945054945, 0.017142857142857144, 0.02065934065934066, 0.014065934065934066, 0.011428571428571429, 0.01010989010989011, 0.006153846153846154, 0.006593406593406593, 0.015824175824175824, 0.015384615384615385, 0.017582417582417582, 0.008351648351648353, 0.011428571428571429, 0.013626373626373627, 0.011868131868131869, 0.006593406593406593, 0.008351648351648353, 0.007032967032967033, 0.011868131868131869, 0.009230769230769232, 0.005714285714285714, 0.006593406593406593, 0.009230769230769232, 0.014505494505494506, 0.023736263736263738, 0.015824175824175824], [0.032527472527472526, 0.04131868131868132, 0.056263736263736264, 0.10461538461538461, 0.07912087912087912, 0.0610989010989011, 0.06505494505494505, 0.0698901098901099, 0.06769230769230769, 0.044395604395604395, 0.0421978021978022, 0.04483516483516484, 0.03076923076923077, 0.03076923076923077, 0.03736263736263736, 0.023736263736263738, 0.014945054945054945, 0.014065934065934066, 0.00967032967032967, 0.007912087912087912, 0.018461538461538463, 0.01934065934065934, 0.022857142857142857, 0.011868131868131869, 0.013626373626373627, 0.015384615384615385, 0.012747252747252748, 0.00967032967032967, 0.011428571428571429, 0.009230769230769232, 0.014065934065934066, 0.011868131868131869, 0.009230769230769232, 0.01054945054945055, 0.016263736263736263, 0.02197802197802198, 0.03560439560439561, 0.023736263736263738], [0.0210989010989011, 0.02857142857142857, 0.04351648351648352, 0.07912087912087912, 0.1054945054945055, 0.06813186813186813, 0.05934065934065934, 0.06461538461538462, 0.06417582417582418, 0.05010989010989011, 0.047032967032967034, 0.05054945054945055, 0.02857142857142857, 0.03032967032967033, 0.04483516483516484, 0.03296703296703297, 0.016263736263736263, 0.013626373626373627, 0.015384615384615385, 0.011868131868131869, 0.015824175824175824, 0.015384615384615385, 0.028131868131868132, 0.01934065934065934, 0.017582417582417582, 0.024175824175824177, 0.021538461538461538, 0.018461538461538463, 0.0210989010989011, 0.014065934065934066, 0.015824175824175824, 0.018901098901098902, 0.00967032967032967, 0.01054945054945055, 0.02241758241758242, 0.028131868131868132, 0.04043956043956044, 0.028131868131868132], [0.01978021978021978, 0.04, 0.03472527472527472, 0.0610989010989011, 0.06813186813186813, 0.09978021978021978, 0.07472527472527472, 0.0698901098901099, 0.0654945054945055, 0.05450549450549451, 0.04923076923076923, 0.05142857142857143, 0.026373626373626374, 0.027692307692307693, 0.036483516483516484, 0.022857142857142857, 0.016703296703296705, 0.013626373626373627, 0.007032967032967033, 0.005714285714285714, 0.009230769230769232, 0.008351648351648353, 0.014945054945054945, 0.008351648351648353, 0.008791208791208791, 0.016703296703296705, 0.01054945054945055, 0.009230769230769232, 0.01098901098901099, 0.01010989010989011, 0.011868131868131869, 0.011868131868131869, 0.007912087912087912, 0.007912087912087912, 0.01054945054945055, 0.017142857142857144, 0.04131868131868132, 0.021538461538461538], [0.04087912087912088, 0.06769230769230769, 0.047472527472527476, 0.06505494505494505, 0.05934065934065934, 0.07472527472527472, 0.10989010989010989, 0.09318681318681318, 0.07956043956043957, 0.06065934065934066, 0.056703296703296706, 0.06153846153846154, 0.035164835164835165, 0.03736263736263736, 0.04879120879120879, 0.021538461538461538, 0.014505494505494506, 0.011428571428571429, 0.006153846153846154, 0.004835164835164835, 0.011868131868131869, 0.008351648351648353, 0.014505494505494506, 0.00967032967032967, 0.011428571428571429, 0.018901098901098902, 0.01802197802197802, 0.012307692307692308, 0.013626373626373627, 0.012307692307692308, 0.016703296703296705, 0.013626373626373627, 0.011868131868131869, 0.01098901098901099, 0.014505494505494506, 0.022857142857142857, 0.04791208791208791, 0.024175824175824177], [0.03472527472527472, 0.0589010989010989, 0.041758241758241756, 0.0698901098901099, 0.06461538461538462, 0.0698901098901099, 0.09318681318681318, 0.12351648351648352, 0.10417582417582417, 0.07428571428571429, 0.07076923076923076, 0.07648351648351648, 0.044395604395604395, 0.04131868131868132, 0.053626373626373625, 0.026373626373626374, 0.012747252747252748, 0.008351648351648353, 0.006153846153846154, 0.004835164835164835, 0.013186813186813187, 0.008351648351648353, 0.016703296703296705, 0.009230769230769232, 0.012307692307692308, 0.01802197802197802, 0.018461538461538463, 0.012747252747252748, 0.016703296703296705, 0.015384615384615385, 0.01802197802197802, 0.017582417582417582, 0.015824175824175824, 0.014945054945054945, 0.0210989010989011, 0.026813186813186812, 0.05098901098901099, 0.025934065934065935], [0.02945054945054945, 0.05054945054945055, 0.03736263736263736, 0.06769230769230769, 0.06417582417582418, 0.0654945054945055, 0.07956043956043957, 0.10417582417582417, 0.13406593406593406, 0.09362637362637363, 0.08307692307692308, 0.08219780219780219, 0.04791208791208791, 0.041758241758241756, 0.052307692307692305, 0.03296703296703297, 0.01978021978021978, 0.01010989010989011, 0.006153846153846154, 0.005714285714285714, 0.011428571428571429, 0.012747252747252748, 0.01802197802197802, 0.01010989010989011, 0.013186813186813187, 0.02241758241758242, 0.021538461538461538, 0.014505494505494506, 0.01802197802197802, 0.018461538461538463, 0.01978021978021978, 0.02021978021978022, 0.014505494505494506, 0.014505494505494506, 0.02241758241758242, 0.03120879120879121, 0.052307692307692305, 0.026813186813186812], [0.022857142857142857, 0.03956043956043956, 0.022857142857142857, 0.044395604395604395, 0.05010989010989011, 0.05450549450549451, 0.06065934065934066, 0.07428571428571429, 0.09362637362637363, 0.1410989010989011, 0.10417582417582417, 0.10373626373626374, 0.05846153846153846, 0.05186813186813187, 0.0654945054945055, 0.05142857142857143, 0.027692307692307693, 0.022857142857142857, 0.01934065934065934, 0.014505494505494506, 0.013186813186813187, 0.015824175824175824, 0.03164835164835165, 0.025934065934065935, 0.025934065934065935, 0.02945054945054945, 0.027252747252747254, 0.017142857142857144, 0.017582417582417582, 0.018461538461538463, 0.018901098901098902, 0.027252747252747254, 0.01802197802197802, 0.017582417582417582, 0.024175824175824177, 0.025494505494505496, 0.04879120879120879, 0.02857142857142857], [0.024175824175824177, 0.03868131868131868, 0.025054945054945054, 0.0421978021978022, 0.047032967032967034, 0.04923076923076923, 0.056703296703296706, 0.07076923076923076, 0.08307692307692308, 0.10417582417582417, 0.15956043956043955, 0.11824175824175824, 0.06153846153846154, 0.05758241758241758, 0.08087912087912089, 0.06065934065934066, 0.03472527472527472, 0.02989010989010989, 0.025934065934065935, 0.02241758241758242, 0.025054945054945054, 0.023296703296703296, 0.04351648351648352, 0.033846153846153845, 0.03164835164835165, 0.035164835164835165, 0.035164835164835165, 0.02021978021978022, 0.02065934065934066, 0.023736263736263738, 0.02241758241758242, 0.03164835164835165, 0.01934065934065934, 0.01802197802197802, 0.027692307692307693, 0.029010989010989013, 0.05318681318681319, 0.02989010989010989], [0.022857142857142857, 0.036483516483516484, 0.024615384615384615, 0.04483516483516484, 0.05054945054945055, 0.05142857142857143, 0.06153846153846154, 0.07648351648351648, 0.08219780219780219, 0.10373626373626374, 0.11824175824175824, 0.17274725274725275, 0.08923076923076922, 0.07868131868131868, 0.09626373626373626, 0.07516483516483516, 0.03868131868131868, 0.02989010989010989, 0.03076923076923077, 0.025494505494505496, 0.03120879120879121, 0.029010989010989013, 0.04923076923076923, 0.03560439560439561, 0.03560439560439561, 0.045714285714285714, 0.03736263736263736, 0.023296703296703296, 0.02945054945054945, 0.02989010989010989, 0.02989010989010989, 0.03956043956043956, 0.025934065934065935, 0.025934065934065935, 0.03208791208791209, 0.036923076923076927, 0.06373626373626373, 0.036483516483516484], [0.018901098901098902, 0.015384615384615385, 0.014945054945054945, 0.03076923076923077, 0.02857142857142857, 0.026373626373626374, 0.035164835164835165, 0.044395604395604395, 0.04791208791208791, 0.05846153846153846, 0.06153846153846154, 0.08923076923076922, 0.13274725274725274, 0.10637362637362638, 0.10021978021978022, 0.08131868131868132, 0.0421978021978022, 0.026813186813186812, 0.021538461538461538, 0.015824175824175824, 0.024175824175824177, 0.023736263736263738, 0.02989010989010989, 0.01978021978021978, 0.021538461538461538, 0.026373626373626374, 0.024615384615384615, 0.013186813186813187, 0.01934065934065934, 0.03824175824175824, 0.03824175824175824, 0.03824175824175824, 0.03428571428571429, 0.03208791208791209, 0.03296703296703297, 0.02065934065934066, 0.047032967032967034, 0.017142857142857144], [0.01934065934065934, 0.017142857142857144, 0.017142857142857144, 0.03076923076923077, 0.03032967032967033, 0.027692307692307693, 0.03736263736263736, 0.04131868131868132, 0.041758241758241756, 0.05186813186813187, 0.05758241758241758, 0.07868131868131868, 0.10637362637362638, 0.1468131868131868, 0.1178021978021978, 0.09406593406593407, 0.05318681318681319, 0.03736263736263736, 0.025934065934065935, 0.01802197802197802, 0.024615384615384615, 0.024615384615384615, 0.03472527472527472, 0.024175824175824177, 0.025494505494505496, 0.03076923076923077, 0.028131868131868132, 0.014505494505494506, 0.02065934065934066, 0.04659340659340659, 0.04043956043956044, 0.04263736263736264, 0.03868131868131868, 0.03560439560439561, 0.037802197802197804, 0.024175824175824177, 0.055384615384615386, 0.02065934065934066], [0.021538461538461538, 0.023296703296703296, 0.02065934065934066, 0.03736263736263736, 0.04483516483516484, 0.036483516483516484, 0.04879120879120879, 0.053626373626373625, 0.052307692307692305, 0.0654945054945055, 0.08087912087912089, 0.09626373626373626, 0.10021978021978022, 0.1178021978021978, 0.18593406593406595, 0.12395604395604395, 0.06681318681318682, 0.04879120879120879, 0.04791208791208791, 0.036483516483516484, 0.03912087912087912, 0.03736263736263736, 0.058021978021978025, 0.045714285714285714, 0.043076923076923075, 0.05274725274725275, 0.04879120879120879, 0.02857142857142857, 0.03472527472527472, 0.053626373626373625, 0.044395604395604395, 0.056263736263736264, 0.04395604395604396, 0.0421978021978022, 0.052307692307692305, 0.03956043956043956, 0.07648351648351648, 0.035164835164835165], [0.011868131868131869, 0.007032967032967033, 0.014065934065934066, 0.023736263736263738, 0.03296703296703297, 0.022857142857142857, 0.021538461538461538, 0.026373626373626374, 0.03296703296703297, 0.05142857142857143, 0.06065934065934066, 0.07516483516483516, 0.08131868131868132, 0.09406593406593407, 0.12395604395604395, 0.16747252747252747, 0.08395604395604396, 0.06857142857142857, 0.04967032967032967, 0.035164835164835165, 0.03824175824175824, 0.044395604395604395, 0.06285714285714286, 0.04879120879120879, 0.045714285714285714, 0.05186813186813187, 0.044395604395604395, 0.03032967032967033, 0.03340659340659341, 0.05186813186813187, 0.04659340659340659, 0.05978021978021978, 0.043076923076923075, 0.041758241758241756, 0.05186813186813187, 0.037802197802197804, 0.0698901098901099, 0.03340659340659341], [0.0074725274725274725, 0.007912087912087912, 0.011428571428571429, 0.014945054945054945, 0.016263736263736263, 0.016703296703296705, 0.014505494505494506, 0.012747252747252748, 0.01978021978021978, 0.027692307692307693, 0.03472527472527472, 0.03868131868131868, 0.0421978021978022, 0.05318681318681319, 0.06681318681318682, 0.08395604395604396, 0.11868131868131868, 0.07516483516483516, 0.04923076923076923, 0.036483516483516484, 0.04395604395604396, 0.04087912087912088, 0.05142857142857143, 0.03296703296703297, 0.03208791208791209, 0.032527472527472526, 0.02989010989010989, 0.018901098901098902, 0.01934065934065934, 0.023296703296703296, 0.02241758241758242, 0.024615384615384615, 0.016703296703296705, 0.015384615384615385, 0.016263736263736263, 0.0210989010989011, 0.03340659340659341, 0.01802197802197802], [0.008351648351648353, 0.008791208791208791, 0.01010989010989011, 0.014065934065934066, 0.013626373626373627, 0.013626373626373627, 0.011428571428571429, 0.008351648351648353, 0.01010989010989011, 0.022857142857142857, 0.02989010989010989, 0.02989010989010989, 0.026813186813186812, 0.03736263736263736, 0.04879120879120879, 0.06857142857142857, 0.07516483516483516, 0.12307692307692308, 0.07120879120879121, 0.05934065934065934, 0.06285714285714286, 0.04131868131868132, 0.06241758241758242, 0.04131868131868132, 0.033846153846153845, 0.037802197802197804, 0.03340659340659341, 0.018461538461538463, 0.016703296703296705, 0.025494505494505496, 0.026373626373626374, 0.027252747252747254, 0.016703296703296705, 0.015824175824175824, 0.014065934065934066, 0.014065934065934066, 0.026373626373626374, 0.014065934065934066], [0.007032967032967033, 0.005714285714285714, 0.006153846153846154, 0.00967032967032967, 0.015384615384615385, 0.007032967032967033, 0.006153846153846154, 0.006153846153846154, 0.006153846153846154, 0.01934065934065934, 0.025934065934065935, 0.03076923076923077, 0.021538461538461538, 0.025934065934065935, 0.04791208791208791, 0.04967032967032967, 0.04923076923076923, 0.07120879120879121, 0.10461538461538461, 0.07648351648351648, 0.0589010989010989, 0.037802197802197804, 0.05758241758241758, 0.044395604395604395, 0.03472527472527472, 0.03868131868131868, 0.03472527472527472, 0.018901098901098902, 0.017582417582417582, 0.02197802197802198, 0.01934065934065934, 0.02197802197802198, 0.014505494505494506, 0.014505494505494506, 0.01934065934065934, 0.02065934065934066, 0.027252747252747254, 0.018901098901098902], [0.006593406593406593, 0.004835164835164835, 0.006593406593406593, 0.007912087912087912, 0.011868131868131869, 0.005714285714285714, 0.004835164835164835, 0.004835164835164835, 0.005714285714285714, 0.014505494505494506, 0.02241758241758242, 0.025494505494505496, 0.015824175824175824, 0.01802197802197802, 0.036483516483516484, 0.035164835164835165, 0.036483516483516484, 0.05934065934065934, 0.07648351648351648, 0.09274725274725275, 0.06593406593406594, 0.03956043956043956, 0.05714285714285714, 0.04483516483516484, 0.032527472527472526, 0.036483516483516484, 0.03164835164835165, 0.015384615384615385, 0.012307692307692308, 0.017582417582417582, 0.016703296703296705, 0.015384615384615385, 0.011868131868131869, 0.013186813186813187, 0.016703296703296705, 0.014505494505494506, 0.01934065934065934, 0.012307692307692308], [0.01010989010989011, 0.01010989010989011, 0.015824175824175824, 0.018461538461538463, 0.015824175824175824, 0.009230769230769232, 0.011868131868131869, 0.013186813186813187, 0.011428571428571429, 0.013186813186813187, 0.025054945054945054, 0.03120879120879121, 0.024175824175824177, 0.024615384615384615, 0.03912087912087912, 0.03824175824175824, 0.04395604395604396, 0.06285714285714286, 0.0589010989010989, 0.06593406593406594, 0.11604395604395605, 0.06197802197802198, 0.08175824175824176, 0.05450549450549451, 0.04263736263736264, 0.043076923076923075, 0.03824175824175824, 0.014505494505494506, 0.016263736263736263, 0.025054945054945054, 0.022857142857142857, 0.023736263736263738, 0.011868131868131869, 0.01098901098901099, 0.00967032967032967, 0.00967032967032967, 0.018901098901098902, 0.009230769230769232], [0.009230769230769232, 0.009230769230769232, 0.015384615384615385, 0.01934065934065934, 0.015384615384615385, 0.008351648351648353, 0.008351648351648353, 0.008351648351648353, 0.012747252747252748, 0.015824175824175824, 0.023296703296703296, 0.029010989010989013, 0.023736263736263738, 0.024615384615384615, 0.03736263736263736, 0.044395604395604395, 0.04087912087912088, 0.04131868131868132, 0.037802197802197804, 0.03956043956043956, 0.06197802197802198, 0.10505494505494506, 0.0734065934065934, 0.04483516483516484, 0.04527472527472527, 0.04791208791208791, 0.027252747252747254, 0.017142857142857144, 0.01934065934065934, 0.02241758241758242, 0.02241758241758242, 0.027252747252747254, 0.014945054945054945, 0.015384615384615385, 0.014505494505494506, 0.009230769230769232, 0.02197802197802198, 0.00967032967032967], [0.007912087912087912, 0.011428571428571429, 0.017582417582417582, 0.022857142857142857, 0.028131868131868132, 0.014945054945054945, 0.014505494505494506, 0.016703296703296705, 0.01802197802197802, 0.03164835164835165, 0.04351648351648352, 0.04923076923076923, 0.02989010989010989, 0.03472527472527472, 0.058021978021978025, 0.06285714285714286, 0.05142857142857143, 0.06241758241758242, 0.05758241758241758, 0.05714285714285714, 0.08175824175824176, 0.0734065934065934, 0.16791208791208792, 0.10329670329670329, 0.08571428571428572, 0.08307692307692308, 0.06417582417582418, 0.02989010989010989, 0.03076923076923077, 0.036483516483516484, 0.02945054945054945, 0.04087912087912088, 0.024615384615384615, 0.024175824175824177, 0.02989010989010989, 0.027692307692307693, 0.036483516483516484, 0.02197802197802198], [0.006153846153846154, 0.0074725274725274725, 0.008351648351648353, 0.011868131868131869, 0.01934065934065934, 0.008351648351648353, 0.00967032967032967, 0.009230769230769232, 0.01010989010989011, 0.025934065934065935, 0.033846153846153845, 0.03560439560439561, 0.01978021978021978, 0.024175824175824177, 0.045714285714285714, 0.04879120879120879, 0.03296703296703297, 0.04131868131868132, 0.044395604395604395, 0.04483516483516484, 0.05450549450549451, 0.04483516483516484, 0.10329670329670329, 0.11340659340659341, 0.08483516483516483, 0.07164835164835165, 0.058021978021978025, 0.027692307692307693, 0.025494505494505496, 0.02857142857142857, 0.0210989010989011, 0.024615384615384615, 0.015824175824175824, 0.014945054945054945, 0.02197802197802198, 0.01934065934065934, 0.025934065934065935, 0.017142857142857144], [0.007912087912087912, 0.01054945054945055, 0.011428571428571429, 0.013626373626373627, 0.017582417582417582, 0.008791208791208791, 0.011428571428571429, 0.012307692307692308, 0.013186813186813187, 0.025934065934065935, 0.03164835164835165, 0.03560439560439561, 0.021538461538461538, 0.025494505494505496, 0.043076923076923075, 0.045714285714285714, 0.03208791208791209, 0.033846153846153845, 0.03472527472527472, 0.032527472527472526, 0.04263736263736264, 0.04527472527472527, 0.08571428571428572, 0.08483516483516483, 0.11340659340659341, 0.08351648351648351, 0.05846153846153846, 0.03824175824175824, 0.03560439560439561, 0.029010989010989013, 0.024175824175824177, 0.02857142857142857, 0.018901098901098902, 0.02065934065934066, 0.025494505494505496, 0.02241758241758242, 0.02945054945054945, 0.017582417582417582], [0.011868131868131869, 0.014945054945054945, 0.013626373626373627, 0.015384615384615385, 0.024175824175824177, 0.016703296703296705, 0.018901098901098902, 0.01802197802197802, 0.02241758241758242, 0.02945054945054945, 0.035164835164835165, 0.045714285714285714, 0.026373626373626374, 0.03076923076923077, 0.05274725274725275, 0.05186813186813187, 0.032527472527472526, 0.037802197802197804, 0.03868131868131868, 0.036483516483516484, 0.043076923076923075, 0.04791208791208791, 0.08307692307692308, 0.07164835164835165, 0.08351648351648351, 0.13626373626373625, 0.07956043956043957, 0.056263736263736264, 0.053626373626373625, 0.05098901098901099, 0.03824175824175824, 0.04, 0.025934065934065935, 0.02945054945054945, 0.036483516483516484, 0.03560439560439561, 0.04791208791208791, 0.026813186813186812], [0.015824175824175824, 0.014945054945054945, 0.011868131868131869, 0.012747252747252748, 0.021538461538461538, 0.01054945054945055, 0.01802197802197802, 0.018461538461538463, 0.021538461538461538, 0.027252747252747254, 0.035164835164835165, 0.03736263736263736, 0.024615384615384615, 0.028131868131868132, 0.04879120879120879, 0.044395604395604395, 0.02989010989010989, 0.03340659340659341, 0.03472527472527472, 0.03164835164835165, 0.03824175824175824, 0.027252747252747254, 0.06417582417582418, 0.058021978021978025, 0.05846153846153846, 0.07956043956043957, 0.12087912087912088, 0.06021978021978022, 0.05186813186813187, 0.04923076923076923, 0.04263736263736264, 0.04043956043956044, 0.028131868131868132, 0.026373626373626374, 0.03736263736263736, 0.04043956043956044, 0.044395604395604395, 0.029010989010989013], [0.009230769230769232, 0.01098901098901099, 0.006593406593406593, 0.00967032967032967, 0.018461538461538463, 0.009230769230769232, 0.012307692307692308, 0.012747252747252748, 0.014505494505494506, 0.017142857142857144, 0.02021978021978022, 0.023296703296703296, 0.013186813186813187, 0.014505494505494506, 0.02857142857142857, 0.03032967032967033, 0.018901098901098902, 0.018461538461538463, 0.018901098901098902, 0.015384615384615385, 0.014505494505494506, 0.017142857142857144, 0.02989010989010989, 0.027692307692307693, 0.03824175824175824, 0.056263736263736264, 0.06021978021978022, 0.08307692307692308, 0.06373626373626373, 0.04395604395604396, 0.04043956043956044, 0.037802197802197804, 0.026373626373626374, 0.025494505494505496, 0.02989010989010989, 0.03296703296703297, 0.03868131868131868, 0.025494505494505496], [0.01054945054945055, 0.012747252747252748, 0.008351648351648353, 0.011428571428571429, 0.0210989010989011, 0.01098901098901099, 0.013626373626373627, 0.016703296703296705, 0.01802197802197802, 0.017582417582417582, 0.02065934065934066, 0.02945054945054945, 0.01934065934065934, 0.02065934065934066, 0.03472527472527472, 0.03340659340659341, 0.01934065934065934, 0.016703296703296705, 0.017582417582417582, 0.012307692307692308, 0.016263736263736263, 0.01934065934065934, 0.03076923076923077, 0.025494505494505496, 0.03560439560439561, 0.053626373626373625, 0.05186813186813187, 0.06373626373626373, 0.09362637362637363, 0.05582417582417582, 0.05186813186813187, 0.04879120879120879, 0.03340659340659341, 0.03076923076923077, 0.03824175824175824, 0.03604395604395604, 0.04483516483516484, 0.024175824175824177], [0.01054945054945055, 0.01054945054945055, 0.007032967032967033, 0.009230769230769232, 0.014065934065934066, 0.01010989010989011, 0.012307692307692308, 0.015384615384615385, 0.018461538461538463, 0.018461538461538463, 0.023736263736263738, 0.02989010989010989, 0.03824175824175824, 0.04659340659340659, 0.053626373626373625, 0.05186813186813187, 0.023296703296703296, 0.025494505494505496, 0.02197802197802198, 0.017582417582417582, 0.025054945054945054, 0.02241758241758242, 0.036483516483516484, 0.02857142857142857, 0.029010989010989013, 0.05098901098901099, 0.04923076923076923, 0.04395604395604396, 0.05582417582417582, 0.11824175824175824, 0.08131868131868132, 0.07120879120879121, 0.058021978021978025, 0.05054945054945055, 0.04879120879120879, 0.03560439560439561, 0.0589010989010989, 0.0210989010989011], [0.017582417582417582, 0.016703296703296705, 0.011868131868131869, 0.014065934065934066, 0.015824175824175824, 0.011868131868131869, 0.016703296703296705, 0.01802197802197802, 0.01978021978021978, 0.018901098901098902, 0.02241758241758242, 0.02989010989010989, 0.03824175824175824, 0.04043956043956044, 0.044395604395604395, 0.04659340659340659, 0.02241758241758242, 0.026373626373626374, 0.01934065934065934, 0.016703296703296705, 0.022857142857142857, 0.02241758241758242, 0.02945054945054945, 0.0210989010989011, 0.024175824175824177, 0.03824175824175824, 0.04263736263736264, 0.04043956043956044, 0.05186813186813187, 0.08131868131868132, 0.11516483516483517, 0.07604395604395604, 0.06461538461538462, 0.05714285714285714, 0.052307692307692305, 0.037802197802197804, 0.05714285714285714, 0.018461538461538463], [0.013626373626373627, 0.011868131868131869, 0.009230769230769232, 0.011868131868131869, 0.018901098901098902, 0.011868131868131869, 0.013626373626373627, 0.017582417582417582, 0.02021978021978022, 0.027252747252747254, 0.03164835164835165, 0.03956043956043956, 0.03824175824175824, 0.04263736263736264, 0.056263736263736264, 0.05978021978021978, 0.024615384615384615, 0.027252747252747254, 0.02197802197802198, 0.015384615384615385, 0.023736263736263738, 0.027252747252747254, 0.04087912087912088, 0.024615384615384615, 0.02857142857142857, 0.04, 0.04043956043956044, 0.037802197802197804, 0.04879120879120879, 0.07120879120879121, 0.07604395604395604, 0.12923076923076923, 0.08527472527472528, 0.07120879120879121, 0.06725274725274726, 0.04835164835164835, 0.06769230769230769, 0.027252747252747254], [0.013186813186813187, 0.011868131868131869, 0.005714285714285714, 0.009230769230769232, 0.00967032967032967, 0.007912087912087912, 0.011868131868131869, 0.015824175824175824, 0.014505494505494506, 0.01802197802197802, 0.01934065934065934, 0.025934065934065935, 0.03428571428571429, 0.03868131868131868, 0.04395604395604396, 0.043076923076923075, 0.016703296703296705, 0.016703296703296705, 0.014505494505494506, 0.011868131868131869, 0.011868131868131869, 0.014945054945054945, 0.024615384615384615, 0.015824175824175824, 0.018901098901098902, 0.025934065934065935, 0.028131868131868132, 0.026373626373626374, 0.03340659340659341, 0.058021978021978025, 0.06461538461538462, 0.08527472527472528, 0.10461538461538461, 0.0843956043956044, 0.07120879120879121, 0.04659340659340659, 0.06065934065934066, 0.025054945054945054], [0.013626373626373627, 0.011868131868131869, 0.006593406593406593, 0.01054945054945055, 0.01054945054945055, 0.007912087912087912, 0.01098901098901099, 0.014945054945054945, 0.014505494505494506, 0.017582417582417582, 0.01802197802197802, 0.025934065934065935, 0.03208791208791209, 0.03560439560439561, 0.0421978021978022, 0.041758241758241756, 0.015384615384615385, 0.015824175824175824, 0.014505494505494506, 0.013186813186813187, 0.01098901098901099, 0.015384615384615385, 0.024175824175824177, 0.014945054945054945, 0.02065934065934066, 0.02945054945054945, 0.026373626373626374, 0.025494505494505496, 0.03076923076923077, 0.05054945054945055, 0.05714285714285714, 0.07120879120879121, 0.0843956043956044, 0.10857142857142857, 0.08219780219780219, 0.05714285714285714, 0.07164835164835165, 0.03296703296703297], [0.016263736263736263, 0.014945054945054945, 0.009230769230769232, 0.016263736263736263, 0.02241758241758242, 0.01054945054945055, 0.014505494505494506, 0.0210989010989011, 0.02241758241758242, 0.024175824175824177, 0.027692307692307693, 0.03208791208791209, 0.03296703296703297, 0.037802197802197804, 0.052307692307692305, 0.05186813186813187, 0.016263736263736263, 0.014065934065934066, 0.01934065934065934, 0.016703296703296705, 0.00967032967032967, 0.014505494505494506, 0.02989010989010989, 0.02197802197802198, 0.025494505494505496, 0.036483516483516484, 0.03736263736263736, 0.02989010989010989, 0.03824175824175824, 0.04879120879120879, 0.052307692307692305, 0.06725274725274726, 0.07120879120879121, 0.08219780219780219, 0.12615384615384614, 0.08087912087912089, 0.0945054945054945, 0.04879120879120879], [0.016263736263736263, 0.017582417582417582, 0.014505494505494506, 0.02197802197802198, 0.028131868131868132, 0.017142857142857144, 0.022857142857142857, 0.026813186813186812, 0.03120879120879121, 0.025494505494505496, 0.029010989010989013, 0.036923076923076927, 0.02065934065934066, 0.024175824175824177, 0.03956043956043956, 0.037802197802197804, 0.0210989010989011, 0.014065934065934066, 0.02065934065934066, 0.014505494505494506, 0.00967032967032967, 0.009230769230769232, 0.027692307692307693, 0.01934065934065934, 0.02241758241758242, 0.03560439560439561, 0.04043956043956044, 0.03296703296703297, 0.03604395604395604, 0.03560439560439561, 0.037802197802197804, 0.04835164835164835, 0.04659340659340659, 0.05714285714285714, 0.08087912087912089, 0.12, 0.10241758241758242, 0.06593406593406594], [0.023736263736263738, 0.033846153846153845, 0.023736263736263738, 0.03560439560439561, 0.04043956043956044, 0.04131868131868132, 0.04791208791208791, 0.05098901098901099, 0.052307692307692305, 0.04879120879120879, 0.05318681318681319, 0.06373626373626373, 0.047032967032967034, 0.055384615384615386, 0.07648351648351648, 0.0698901098901099, 0.03340659340659341, 0.026373626373626374, 0.027252747252747254, 0.01934065934065934, 0.018901098901098902, 0.02197802197802198, 0.036483516483516484, 0.025934065934065935, 0.02945054945054945, 0.04791208791208791, 0.044395604395604395, 0.03868131868131868, 0.04483516483516484, 0.0589010989010989, 0.05714285714285714, 0.06769230769230769, 0.06065934065934066, 0.07164835164835165, 0.0945054945054945, 0.10241758241758242, 0.1920879120879121, 0.1010989010989011], [0.0074725274725274725, 0.013626373626373627, 0.015824175824175824, 0.023736263736263738, 0.028131868131868132, 0.021538461538461538, 0.024175824175824177, 0.025934065934065935, 0.026813186813186812, 0.02857142857142857, 0.02989010989010989, 0.036483516483516484, 0.017142857142857144, 0.02065934065934066, 0.035164835164835165, 0.03340659340659341, 0.01802197802197802, 0.014065934065934066, 0.018901098901098902, 0.012307692307692308, 0.009230769230769232, 0.00967032967032967, 0.02197802197802198, 0.017142857142857144, 0.017582417582417582, 0.026813186813186812, 0.029010989010989013, 0.025494505494505496, 0.024175824175824177, 0.0210989010989011, 0.018461538461538463, 0.027252747252747254, 0.025054945054945054, 0.03296703296703297, 0.04879120879120879, 0.06593406593406594, 0.1010989010989011, 0.10241758241758242]], [[0.054945054945054944, 0.04087912087912088, 0.029010989010989013, 0.02945054945054945, 0.018461538461538463, 0.015384615384615385, 0.03428571428571429, 0.03164835164835165, 0.03032967032967033, 0.01978021978021978, 0.02065934065934066, 0.02021978021978022, 0.015824175824175824, 0.015384615384615385, 0.017142857142857144, 0.00967032967032967, 0.004395604395604396, 0.003956043956043956, 0.0026373626373626374, 0.0026373626373626374, 0.007032967032967033, 0.005714285714285714, 0.01010989010989011, 0.004835164835164835, 0.005714285714285714, 0.009230769230769232, 0.014505494505494506, 0.007912087912087912, 0.007032967032967033, 0.009230769230769232, 0.011868131868131869, 0.00967032967032967, 0.006153846153846154, 0.007032967032967033, 0.01054945054945055, 0.011868131868131869, 0.014065934065934066, 0.004395604395604396], [0.04087912087912088, 0.06857142857142857, 0.041758241758241756, 0.036923076923076927, 0.02857142857142857, 0.032527472527472526, 0.05582417582417582, 0.052307692307692305, 0.045714285714285714, 0.028131868131868132, 0.028131868131868132, 0.024175824175824177, 0.014505494505494506, 0.013626373626373627, 0.018901098901098902, 0.011428571428571429, 0.008351648351648353, 0.007912087912087912, 0.006593406593406593, 0.004395604395604396, 0.00967032967032967, 0.01010989010989011, 0.014065934065934066, 0.00967032967032967, 0.01010989010989011, 0.012307692307692308, 0.016263736263736263, 0.01098901098901099, 0.00967032967032967, 0.00967032967032967, 0.01054945054945055, 0.0074725274725274725, 0.005274725274725275, 0.006153846153846154, 0.00967032967032967, 0.014945054945054945, 0.02197802197802198, 0.009230769230769232], [0.029010989010989013, 0.041758241758241756, 0.06681318681318682, 0.047032967032967034, 0.04351648351648352, 0.037802197802197804, 0.04263736263736264, 0.04263736263736264, 0.03736263736263736, 0.017582417582417582, 0.02021978021978022, 0.01934065934065934, 0.014065934065934066, 0.014505494505494506, 0.01978021978021978, 0.014505494505494506, 0.01054945054945055, 0.009230769230769232, 0.007032967032967033, 0.008351648351648353, 0.014945054945054945, 0.015384615384615385, 0.018461538461538463, 0.012747252747252748, 0.013186813186813187, 0.014945054945054945, 0.014505494505494506, 0.01098901098901099, 0.009230769230769232, 0.01010989010989011, 0.01054945054945055, 0.00967032967032967, 0.007032967032967033, 0.006153846153846154, 0.00967032967032967, 0.011868131868131869, 0.017142857142857144, 0.00967032967032967], [0.02945054945054945, 0.036923076923076927, 0.047032967032967034, 0.09362637362637363, 0.07252747252747253, 0.056263736263736264, 0.05846153846153846, 0.06461538461538462, 0.06505494505494505, 0.035164835164835165, 0.03956043956043956, 0.04087912087912088, 0.02989010989010989, 0.027692307692307693, 0.03956043956043956, 0.026373626373626374, 0.015824175824175824, 0.013186813186813187, 0.00967032967032967, 0.01010989010989011, 0.01934065934065934, 0.017582417582417582, 0.023736263736263738, 0.017142857142857144, 0.013626373626373627, 0.013626373626373627, 0.015384615384615385, 0.01010989010989011, 0.0074725274725274725, 0.0074725274725274725, 0.008791208791208791, 0.009230769230769232, 0.0074725274725274725, 0.007912087912087912, 0.01054945054945055, 0.012307692307692308, 0.017582417582417582, 0.01098901098901099], [0.018461538461538463, 0.02857142857142857, 0.04351648351648352, 0.07252747252747253, 0.10681318681318681, 0.07252747252747253, 0.056703296703296706, 0.06505494505494505, 0.07164835164835165, 0.044395604395604395, 0.04483516483516484, 0.04967032967032967, 0.03296703296703297, 0.03120879120879121, 0.04483516483516484, 0.03736263736263736, 0.02065934065934066, 0.017142857142857144, 0.017582417582417582, 0.017142857142857144, 0.0210989010989011, 0.02065934065934066, 0.03164835164835165, 0.023296703296703296, 0.01934065934065934, 0.023736263736263738, 0.02197802197802198, 0.016263736263736263, 0.013186813186813187, 0.008791208791208791, 0.011428571428571429, 0.013186813186813187, 0.01010989010989011, 0.01098901098901099, 0.015824175824175824, 0.01978021978021978, 0.024615384615384615, 0.014945054945054945], [0.015384615384615385, 0.032527472527472526, 0.037802197802197804, 0.056263736263736264, 0.07252747252747253, 0.10373626373626374, 0.06857142857142857, 0.07076923076923076, 0.06857142857142857, 0.04967032967032967, 0.04835164835164835, 0.04923076923076923, 0.03120879120879121, 0.02945054945054945, 0.04, 0.03164835164835165, 0.0210989010989011, 0.015824175824175824, 0.011428571428571429, 0.012747252747252748, 0.018461538461538463, 0.017142857142857144, 0.024615384615384615, 0.014945054945054945, 0.014065934065934066, 0.017142857142857144, 0.012307692307692308, 0.008791208791208791, 0.008351648351648353, 0.00967032967032967, 0.01054945054945055, 0.008351648351648353, 0.007032967032967033, 0.006153846153846154, 0.008791208791208791, 0.015384615384615385, 0.025054945054945054, 0.014065934065934066], [0.03428571428571429, 0.05582417582417582, 0.04263736263736264, 0.05846153846153846, 0.056703296703296706, 0.06857142857142857, 0.10065934065934067, 0.09054945054945054, 0.08175824175824176, 0.05274725274725275, 0.04923076923076923, 0.04967032967032967, 0.03604395604395604, 0.03296703296703297, 0.044395604395604395, 0.027252747252747254, 0.015824175824175824, 0.01010989010989011, 0.008351648351648353, 0.0074725274725274725, 0.015384615384615385, 0.012747252747252748, 0.02065934065934066, 0.014065934065934066, 0.013626373626373627, 0.017142857142857144, 0.02021978021978022, 0.014065934065934066, 0.012747252747252748, 0.01054945054945055, 0.013626373626373627, 0.008791208791208791, 0.0074725274725274725, 0.007912087912087912, 0.011428571428571429, 0.018901098901098902, 0.028131868131868132, 0.015384615384615385], [0.03164835164835165, 0.052307692307692305, 0.04263736263736264, 0.06461538461538462, 0.06505494505494505, 0.07076923076923076, 0.09054945054945054, 0.11912087912087913, 0.09978021978021978, 0.06285714285714286, 0.05934065934065934, 0.05978021978021978, 0.04131868131868132, 0.03868131868131868, 0.053626373626373625, 0.03120879120879121, 0.016263736263736263, 0.011428571428571429, 0.009230769230769232, 0.007912087912087912, 0.014505494505494506, 0.016263736263736263, 0.024175824175824177, 0.016263736263736263, 0.015384615384615385, 0.0210989010989011, 0.024615384615384615, 0.016703296703296705, 0.016263736263736263, 0.017142857142857144, 0.01802197802197802, 0.016263736263736263, 0.012747252747252748, 0.013626373626373627, 0.016263736263736263, 0.023296703296703296, 0.033846153846153845, 0.018461538461538463], [0.03032967032967033, 0.045714285714285714, 0.03736263736263736, 0.06505494505494505, 0.07164835164835165, 0.06857142857142857, 0.08175824175824176, 0.09978021978021978, 0.1476923076923077, 0.09318681318681318, 0.08351648351648351, 0.08175824175824176, 0.05406593406593407, 0.04395604395604396, 0.05978021978021978, 0.0421978021978022, 0.025494505494505496, 0.015824175824175824, 0.012747252747252748, 0.008351648351648353, 0.016703296703296705, 0.02197802197802198, 0.032527472527472526, 0.0210989010989011, 0.021538461538461538, 0.026373626373626374, 0.029010989010989013, 0.016263736263736263, 0.015824175824175824, 0.018901098901098902, 0.02197802197802198, 0.025934065934065935, 0.016263736263736263, 0.018461538461538463, 0.025054945054945054, 0.03296703296703297, 0.03736263736263736, 0.01978021978021978], [0.01978021978021978, 0.028131868131868132, 0.017582417582417582, 0.035164835164835165, 0.044395604395604395, 0.04967032967032967, 0.05274725274725275, 0.06285714285714286, 0.09318681318681318, 0.13846153846153847, 0.10329670329670329, 0.09978021978021978, 0.06373626373626373, 0.05274725274725275, 0.06241758241758242, 0.047032967032967034, 0.03120879120879121, 0.023296703296703296, 0.018901098901098902, 0.011868131868131869, 0.014945054945054945, 0.02021978021978022, 0.03472527472527472, 0.023736263736263738, 0.024615384615384615, 0.027692307692307693, 0.026813186813186812, 0.015384615384615385, 0.018901098901098902, 0.0210989010989011, 0.022857142857142857, 0.02989010989010989, 0.016263736263736263, 0.016703296703296705, 0.023296703296703296, 0.026813186813186812, 0.03604395604395604, 0.018901098901098902], [0.02065934065934066, 0.028131868131868132, 0.02021978021978022, 0.03956043956043956, 0.04483516483516484, 0.04835164835164835, 0.04923076923076923, 0.05934065934065934, 0.08351648351648351, 0.10329670329670329, 0.15692307692307692, 0.11164835164835164, 0.06769230769230769, 0.06241758241758242, 0.06901098901098901, 0.05582417582417582, 0.03560439560439561, 0.028131868131868132, 0.024175824175824177, 0.023736263736263738, 0.026373626373626374, 0.02945054945054945, 0.046153846153846156, 0.03340659340659341, 0.02857142857142857, 0.03032967032967033, 0.02857142857142857, 0.017582417582417582, 0.01978021978021978, 0.02065934065934066, 0.022857142857142857, 0.028131868131868132, 0.01802197802197802, 0.017582417582417582, 0.025934065934065935, 0.026373626373626374, 0.035164835164835165, 0