{"rep": [[[0.055019852524106634, 0.039421440726035165, 0.029778786159954624, 0.032898468519568916, 0.01474758933635848, 0.01559841179807147, 0.030913216108905274, 0.02580828133862734, 0.027226318774815655, 0.019001701644923426, 0.018150879183210438, 0.029778786159954624, 0.019285309132161088, 0.01474758933635848, 0.02297220646625071, 0.019568916619398753, 0.005672149744753261, 0.003970504821327283, 0.003403289846851957, 0.008508224617129892, 0.014180374361883154, 0.015314804310833806, 0.01106069200226886, 0.014463981849120816, 0.017867271695972773, 0.02127056154282473, 0.010777084515031198, 0.015031196823596143, 0.017300056721497446, 0.011627906976744186, 0.013045944412932501, 0.017300056721497446, 0.010777084515031198, 0.010777084515031198, 0.010493477027793534, 0.009642654566080544, 0.017867271695972773, 0.004821327283040272], [0.039421440726035165, 0.06749858196256381, 0.04027226318774816, 0.04055587067498582, 0.0184344866704481, 0.028927963698241632, 0.052750992626205334, 0.046511627906976744, 0.04480998298355077, 0.03204764605785593, 0.030913216108905274, 0.037152580828133865, 0.0184344866704481, 0.012478729438457176, 0.02410663641520136, 0.01758366420873511, 0.005104934770277935, 0.00368689733408962, 0.0025524673851389677, 0.0065229722064662505, 0.015031196823596143, 0.013896766874645491, 0.011344299489506523, 0.01474758933635848, 0.019001701644923426, 0.024390243902439025, 0.012762336925694838, 0.017016449234259785, 0.02013613159387408, 0.01106069200226886, 0.01191151446398185, 0.01588201928530913, 0.01106069200226886, 0.008791832104367556, 0.007941009642654566, 0.013329551900170164, 0.023539421440726037, 0.007941009642654566], [0.029778786159954624, 0.04027226318774816, 0.07402155416903006, 0.06012478729438457, 0.04339194554736245, 0.03828701077708452, 0.04112308564946115, 0.03545093590470788, 0.03800340328984685, 0.021554169030062395, 0.02212138400453772, 0.039988655700510495, 0.019568916619398753, 0.015314804310833806, 0.036585365853658534, 0.029778786159954624, 0.00737379466817924, 0.005388542257515599, 0.003970504821327283, 0.017867271695972773, 0.027226318774815655, 0.02580828133862734, 0.017867271695972773, 0.026375496313102667, 0.027793533749290982, 0.030346001134429947, 0.010777084515031198, 0.024390243902439025, 0.02665910380034033, 0.015031196823596143, 0.01588201928530913, 0.0238230289279637, 0.017300056721497446, 0.015314804310833806, 0.013896766874645491, 0.01191151446398185, 0.02041973908111174, 0.009926262053318207], [0.032898468519568916, 0.04055587067498582, 0.06012478729438457, 0.13953488372093023, 0.09926262053318208, 0.07033465683494045, 0.0760068065796937, 0.06012478729438457, 0.09018718094157686, 0.054169030062393646, 0.04367555303460011, 0.09784458309699376, 0.05076574021554169, 0.027793533749290982, 0.0836642087351106, 0.07827566647759501, 0.013896766874645491, 0.01020986954055587, 0.005104934770277935, 0.03403289846851957, 0.06267725467952354, 0.0553034600113443, 0.029778786159954624, 0.05728871242200794, 0.06863301191151447, 0.07146908678389109, 0.021837776517300057, 0.05331820760068066, 0.06182643221781055, 0.03460011344299489, 0.02864435621100397, 0.0476460578559274, 0.032898468519568916, 0.03601815087918321, 0.038570618264322176, 0.036585365853658534, 0.045660805445263755, 0.017016449234259785], [0.01474758933635848, 0.0184344866704481, 0.04339194554736245, 0.09926262053318208, 0.13556437889960296, 0.07941009642654566, 0.06494611457742484, 0.05246738513896767, 0.07487237663074305, 0.06211003970504821, 0.055019852524106634, 0.08961996596710153, 0.038570618264322176, 0.024957458876914352, 0.08423142370958593, 0.07827566647759501, 0.013896766874645491, 0.012478729438457176, 0.019852524106636415, 0.04027226318774816, 0.052183777651730004, 0.045660805445263755, 0.042257515598411795, 0.058423142370958595, 0.0638116846284742, 0.07231990924560408, 0.036585365853658534, 0.05813953488372093, 0.06551332955190017, 0.03545093590470788, 0.027793533749290982, 0.054736245036868976, 0.03488372093023256, 0.03233125354509359, 0.04878048780487805, 0.049347702779353374, 0.0553034600113443, 0.030629608621667612], [0.01559841179807147, 0.028927963698241632, 0.03828701077708452, 0.07033465683494045, 0.07941009642654566, 0.10777084515031196, 0.07146908678389109, 0.06211003970504821, 0.06608054452637549, 0.049347702779353374, 0.04679523539421441, 0.06409529211571185, 0.02949517867271696, 0.025524673851389675, 0.052750992626205334, 0.04197390811117414, 0.013329551900170164, 0.009926262053318207, 0.005104934770277935, 0.020703346568349403, 0.030346001134429947, 0.029211571185479297, 0.023255813953488372, 0.02864435621100397, 0.02949517867271696, 0.03460011344299489, 0.013613159387407828, 0.029778786159954624, 0.03176403857061826, 0.022404991491775383, 0.0238230289279637, 0.03545093590470788, 0.02694271128757799, 0.027793533749290982, 0.02098695405558707, 0.0238230289279637, 0.03460011344299489, 0.017300056721497446], [0.030913216108905274, 0.052750992626205334, 0.04112308564946115, 0.0760068065796937, 0.06494611457742484, 0.07146908678389109, 0.11854792966534317, 0.0890527509926262, 0.09614293817356778, 0.0652297220646625, 0.058423142370958595, 0.07941009642654566, 0.045660805445263755, 0.03403289846851957, 0.06239364719228588, 0.04679523539421441, 0.013329551900170164, 0.008791832104367556, 0.004254112308564946, 0.01106069200226886, 0.030346001134429947, 0.02694271128757799, 0.02041973908111174, 0.023539421440726037, 0.035734543391945546, 0.04339194554736245, 0.024957458876914352, 0.02864435621100397, 0.036585365853658534, 0.024390243902439025, 0.01758366420873511, 0.02836074872376631, 0.02127056154282473, 0.019285309132161088, 0.02410663641520136, 0.029778786159954624, 0.04395916052183778, 0.016732841747022123], [0.02580828133862734, 0.046511627906976744, 0.03545093590470788, 0.06012478729438457, 0.05246738513896767, 0.06211003970504821, 0.0890527509926262, 0.12847419171866137, 0.10692002268859897, 0.07402155416903006, 0.07118547929665343, 0.08933635847986386, 0.048496880317640385, 0.04254112308564946, 0.06239364719228588, 0.04509359047078843, 0.01588201928530913, 0.013045944412932501, 0.00737379466817924, 0.007090187180941577, 0.026091888825865002, 0.024673851389676687, 0.02212138400453772, 0.017016449234259785, 0.028927963698241632, 0.03771979580260919, 0.025524673851389675, 0.026375496313102667, 0.037152580828133865, 0.026091888825865002, 0.026375496313102667, 0.039988655700510495, 0.02864435621100397, 0.024390243902439025, 0.0238230289279637, 0.029211571185479297, 0.04339194554736245, 0.019852524106636415], [0.027226318774815655, 0.04480998298355077, 0.03800340328984685, 0.09018718094157686, 0.07487237663074305, 0.06608054452637549, 0.09614293817356778, 0.10692002268859897, 0.17697107203630175, 0.10805445263754963, 0.08735110606920023, 0.13244469653998867, 0.08706749858196257, 0.04821327283040272, 0.08423142370958593, 0.08536585365853659, 0.026091888825865002, 0.02041973908111174, 0.009642654566080544, 0.015031196823596143, 0.054169030062393646, 0.049347702779353374, 0.029778786159954624, 0.04112308564946115, 0.06636415201361316, 0.0737379466817924, 0.039421440726035165, 0.052750992626205334, 0.07175269427112876, 0.04878048780487805, 0.04254112308564946, 0.059841179807146906, 0.04537719795802609, 0.047078842881452074, 0.048496880317640385, 0.058423142370958595, 0.0683494044242768, 0.028927963698241632], [0.019001701644923426, 0.03204764605785593, 0.021554169030062395, 0.054169030062393646, 0.06211003970504821, 0.049347702779353374, 0.0652297220646625, 0.07402155416903006, 0.10805445263754963, 0.17555303460011346, 0.12507090187180941, 0.13925127623369257, 0.09557572319909245, 0.06920022688598979, 0.08820192853091322, 0.079126488939308, 0.03460011344299489, 0.026375496313102667, 0.027226318774815655, 0.019568916619398753, 0.032898468519568916, 0.027793533749290982, 0.04792966534316506, 0.03800340328984685, 0.049347702779353374, 0.06806579693703914, 0.055587067498581964, 0.04622802041973908, 0.060692002268859895, 0.04622802041973908, 0.04055587067498582, 0.06352807714123652, 0.041406693136698806, 0.03800340328984685, 0.05161656267725468, 0.0553034600113443, 0.06636415201361316, 0.03545093590470788], [0.018150879183210438, 0.030913216108905274, 0.02212138400453772, 0.04367555303460011, 0.055019852524106634, 0.04679523539421441, 0.058423142370958595, 0.07118547929665343, 0.08735110606920023, 0.12507090187180941, 0.1982416335791265, 0.15343165059557573, 0.09103800340328985, 0.08423142370958593, 0.10181508791832104, 0.08167895632444697, 0.04169030062393647, 0.03261486103233125, 0.03601815087918321, 0.028077141236528644, 0.029778786159954624, 0.02297220646625071, 0.06352807714123652, 0.04537719795802609, 0.04594441293250142, 0.06778218944980148, 0.06891661939875213, 0.05019852524106636, 0.06211003970504821, 0.05388542257515598, 0.04480998298355077, 0.06409529211571185, 0.04310833806012479, 0.036301758366420876, 0.048496880317640385, 0.049914917753828704, 0.0652297220646625, 0.03601815087918321], [0.029778786159954624, 0.037152580828133865, 0.039988655700510495, 0.09784458309699376, 0.08961996596710153, 0.06409529211571185, 0.07941009642654566, 0.08933635847986386, 0.13244469653998867, 0.13925127623369257, 0.15343165059557573, 0.27311401020986953, 0.15002836074872378, 0.10181508791832104, 0.1673284174702212, 0.16562677254679523, 0.05388542257515598, 0.04027226318774816, 0.039421440726035165, 0.05615428247305729, 0.08763471355643788, 0.08139534883720931, 0.08309699376063528, 0.09302325581395349, 0.11627906976744186, 0.13499716392512762, 0.08479863868406126, 0.10181508791832104, 0.12563811684628473, 0.08252977878615995, 0.07770845150311968, 0.11514463981849121, 0.08026091888825865, 0.07657402155416904, 0.0836642087351106, 0.08451503119682359, 0.10238230289279637, 0.05303460011344299], [0.019285309132161088, 0.0184344866704481, 0.019568916619398753, 0.05076574021554169, 0.038570618264322176, 0.02949517867271696, 0.045660805445263755, 0.048496880317640385, 0.08706749858196257, 0.09557572319909245, 0.09103800340328985, 0.15002836074872378, 0.19143505388542256, 0.11854792966534317, 0.11486103233125354, 0.11798071469086784, 0.05728871242200794, 0.04112308564946115, 0.02410663641520136, 0.021554169030062395, 0.05587067498581962, 0.046511627906976744, 0.04736245036868973, 0.04254112308564946, 0.05870674985819626, 0.07231990924560408, 0.05870674985819626, 0.05104934770277935, 0.06948383437322746, 0.07260351673284175, 0.06721497447532615, 0.07345433919455474, 0.05870674985819626, 0.055587067498581964, 0.057005104934770276, 0.05587067498581962, 0.07487237663074305, 0.029211571185479297], [0.01474758933635848, 0.012478729438457176, 0.015314804310833806, 0.027793533749290982, 0.024957458876914352, 0.025524673851389675, 0.03403289846851957, 0.04254112308564946, 0.04821327283040272, 0.06920022688598979, 0.08423142370958593, 0.10181508791832104, 0.11854792966534317, 0.16676120249574589, 0.12138400453771979, 0.0921724333522405, 0.06182643221781055, 0.04395916052183778, 0.03119682359614294, 0.021837776517300057, 0.028077141236528644, 0.02297220646625071, 0.05048213272830403, 0.027793533749290982, 0.027793533749290982, 0.05076574021554169, 0.054736245036868976, 0.03119682359614294, 0.03488372093023256, 0.051332955190017016, 0.051332955190017016, 0.05161656267725468, 0.04367555303460011, 0.03828701077708452, 0.03516732841747022, 0.028077141236528644, 0.052183777651730004, 0.02013613159387408], [0.02297220646625071, 0.02410663641520136, 0.036585365853658534, 0.0836642087351106, 0.08423142370958593, 0.052750992626205334, 0.06239364719228588, 0.06239364719228588, 0.08423142370958593, 0.08820192853091322, 0.10181508791832104, 0.1673284174702212, 0.11486103233125354, 0.12138400453771979, 0.2546795235394214, 0.17867271695972772, 0.06976744186046512, 0.057005104934770276, 0.06296086216676121, 0.06948383437322746, 0.08876914350538855, 0.07005104934770277, 0.08735110606920023, 0.09018718094157686, 0.1020986954055587, 0.12138400453771979, 0.07941009642654566, 0.09132161089052751, 0.10238230289279637, 0.07430516165626773, 0.06948383437322746, 0.09812819058423142, 0.0706182643221781, 0.06721497447532615, 0.07742484401588202, 0.07402155416903006, 0.09926262053318208, 0.04594441293250142], [0.019568916619398753, 0.01758366420873511, 0.029778786159954624, 0.07827566647759501, 0.07827566647759501, 0.04197390811117414, 0.04679523539421441, 0.04509359047078843, 0.08536585365853659, 0.079126488939308, 0.08167895632444697, 0.16562677254679523, 0.11798071469086784, 0.0921724333522405, 0.17867271695972772, 0.24276800907543958, 0.07827566647759501, 0.06466250709018719, 0.060408394781622236, 0.06891661939875213, 0.09614293817356778, 0.08848553601815087, 0.08536585365853659, 0.09926262053318208, 0.11769710720363018, 0.1281905842314237, 0.07033465683494045, 0.10096426545660805, 0.11741349971639252, 0.079126488939308, 0.07118547929665343, 0.10606920022688598, 0.08026091888825865, 0.07487237663074305, 0.08479863868406126, 0.07941009642654566, 0.09926262053318208, 0.049914917753828704], [0.005672149744753261, 0.005104934770277935, 0.00737379466817924, 0.013896766874645491, 0.013896766874645491, 0.013329551900170164, 0.013329551900170164, 0.01588201928530913, 0.026091888825865002, 0.03460011344299489, 0.04169030062393647, 0.05388542257515598, 0.05728871242200794, 0.06182643221781055, 0.06976744186046512, 0.07827566647759501, 0.13386273397617698, 0.0760068065796937, 0.05104934770277935, 0.034316505955757234, 0.0368689733408962, 0.035734543391945546, 0.06551332955190017, 0.032898468519568916, 0.02864435621100397, 0.04424276800907544, 0.04906409529211571, 0.02836074872376631, 0.027509926262053317, 0.036585365853658534, 0.02864435621100397, 0.030913216108905274, 0.025524673851389675, 0.021554169030062395, 0.02580828133862734, 0.024390243902439025, 0.041406693136698806, 0.021554169030062395], [0.003970504821327283, 0.00368689733408962, 0.005388542257515599, 0.01020986954055587, 0.012478729438457176, 0.009926262053318207, 0.008791832104367556, 0.013045944412932501, 0.02041973908111174, 0.026375496313102667, 0.03261486103233125, 0.04027226318774816, 0.04112308564946115, 0.04395916052183778, 0.057005104934770276, 0.06466250709018719, 0.0760068065796937, 0.1344299489506523, 0.07458876914350539, 0.057572319909245606, 0.05899035734543392, 0.04112308564946115, 0.0683494044242768, 0.042257515598411795, 0.030913216108905274, 0.039988655700510495, 0.04821327283040272, 0.03460011344299489, 0.031480431083380604, 0.03828701077708452, 0.03261486103233125, 0.03771979580260919, 0.030913216108905274, 0.025524673851389675, 0.025524673851389675, 0.02694271128757799, 0.04083947816222348, 0.0184344866704481], [0.003403289846851957, 0.0025524673851389677, 0.003970504821327283, 0.005104934770277935, 0.019852524106636415, 0.005104934770277935, 0.004254112308564946, 0.00737379466817924, 0.009642654566080544, 0.027226318774815655, 0.03601815087918321, 0.039421440726035165, 0.02410663641520136, 0.03119682359614294, 0.06296086216676121, 0.060408394781622236, 0.05104934770277935, 0.07458876914350539, 0.11883153715258082, 0.07855927396483267, 0.057855927396483264, 0.032898468519568916, 0.06863301191151447, 0.049914917753828704, 0.03488372093023256, 0.04736245036868973, 0.04792966534316506, 0.033465683494044246, 0.03318207600680658, 0.02665910380034033, 0.02212138400453772, 0.035734543391945546, 0.025241066364152014, 0.019285309132161088, 0.02949517867271696, 0.03545093590470788, 0.04027226318774816, 0.02665910380034033], [0.008508224617129892, 0.0065229722064662505, 0.017867271695972773, 0.03403289846851957, 0.04027226318774816, 0.020703346568349403, 0.01106069200226886, 0.007090187180941577, 0.015031196823596143, 0.019568916619398753, 0.028077141236528644, 0.05615428247305729, 0.021554169030062395, 0.021837776517300057, 0.06948383437322746, 0.06891661939875213, 0.034316505955757234, 0.057572319909245606, 0.07855927396483267, 0.1273397617697107, 0.09103800340328985, 0.06239364719228588, 0.08167895632444697, 0.08026091888825865, 0.06267725467952354, 0.06579693703913783, 0.04537719795802609, 0.051332955190017016, 0.05076574021554169, 0.03204764605785593, 0.02836074872376631, 0.04169030062393647, 0.029211571185479297, 0.03119682359614294, 0.03516732841747022, 0.03601815087918321, 0.03885422575155984, 0.02297220646625071], [0.014180374361883154, 0.015031196823596143, 0.027226318774815655, 0.06267725467952354, 0.052183777651730004, 0.030346001134429947, 0.030346001134429947, 0.026091888825865002, 0.054169030062393646, 0.032898468519568916, 0.029778786159954624, 0.08763471355643788, 0.05587067498581962, 0.028077141236528644, 0.08876914350538855, 0.09614293817356778, 0.0368689733408962, 0.05899035734543392, 0.057855927396483264, 0.09103800340328985, 0.16165626772546796, 0.10011344299489507, 0.08479863868406126, 0.08735110606920023, 0.08933635847986386, 0.0867838910947249, 0.039137833238797506, 0.06636415201361316, 0.08026091888825865, 0.05672149744753262, 0.04537719795802609, 0.057855927396483264, 0.04622802041973908, 0.048496880317640385, 0.045660805445263755, 0.05331820760068066, 0.05445263754963131, 0.02580828133862734], [0.015314804310833806, 0.013896766874645491, 0.02580828133862734, 0.0553034600113443, 0.045660805445263755, 0.029211571185479297, 0.02694271128757799, 0.024673851389676687, 0.049347702779353374, 0.027793533749290982, 0.02297220646625071, 0.08139534883720931, 0.046511627906976744, 0.02297220646625071, 0.07005104934770277, 0.08848553601815087, 0.035734543391945546, 0.04112308564946115, 0.032898468519568916, 0.06239364719228588, 0.10011344299489507, 0.14407260351673284, 0.08338060124787294, 0.08564946114577425, 0.09330686330119115, 0.08763471355643788, 0.03233125354509359, 0.06466250709018719, 0.07345433919455474, 0.04878048780487805, 0.039988655700510495, 0.060408394781622236, 0.04679523539421441, 0.047078842881452074, 0.041406693136698806, 0.041406693136698806, 0.04594441293250142, 0.021554169030062395], [0.01106069200226886, 0.011344299489506523, 0.017867271695972773, 0.029778786159954624, 0.042257515598411795, 0.023255813953488372, 0.02041973908111174, 0.02212138400453772, 0.029778786159954624, 0.04792966534316506, 0.06352807714123652, 0.08309699376063528, 0.04736245036868973, 0.05048213272830403, 0.08735110606920023, 0.08536585365853659, 0.06551332955190017, 0.0683494044242768, 0.06863301191151447, 0.08167895632444697, 0.08479863868406126, 0.08338060124787294, 0.20334656834940443, 0.12223482699943279, 0.0921724333522405, 0.11174134997163924, 0.09671015314804311, 0.06296086216676121, 0.057005104934770276, 0.055019852524106634, 0.04083947816222348, 0.05672149744753262, 0.04027226318774816, 0.035734543391945546, 0.05076574021554169, 0.05104934770277935, 0.06437889960294951, 0.03828701077708452], [0.014463981849120816, 0.01474758933635848, 0.026375496313102667, 0.05728871242200794, 0.058423142370958595, 0.02864435621100397, 0.023539421440726037, 0.017016449234259785, 0.04112308564946115, 0.03800340328984685, 0.04537719795802609, 0.09302325581395349, 0.04254112308564946, 0.027793533749290982, 0.09018718094157686, 0.09926262053318208, 0.032898468519568916, 0.042257515598411795, 0.049914917753828704, 0.08026091888825865, 0.08735110606920023, 0.08564946114577425, 0.12223482699943279, 0.17271695972773682, 0.1344299489506523, 0.11883153715258082, 0.07458876914350539, 0.09415768576290415, 0.08394781622234827, 0.04963131026659104, 0.04537719795802609, 0.06806579693703914, 0.04906409529211571, 0.045660805445263755, 0.047078842881452074, 0.05360181508791832, 0.057005104934770276, 0.03516732841747022], [0.017867271695972773, 0.019001701644923426, 0.027793533749290982, 0.06863301191151447, 0.0638116846284742, 0.02949517867271696, 0.035734543391945546, 0.028927963698241632, 0.06636415201361316, 0.049347702779353374, 0.04594441293250142, 0.11627906976744186, 0.05870674985819626, 0.027793533749290982, 0.1020986954055587, 0.11769710720363018, 0.02864435621100397, 0.030913216108905274, 0.03488372093023256, 0.06267725467952354, 0.08933635847986386, 0.09330686330119115, 0.0921724333522405, 0.1344299489506523, 0.1812251843448667, 0.14293817356778218, 0.07345433919455474, 0.10266591038003403, 0.11117413499716393, 0.06352807714123652, 0.05445263754963131, 0.08054452637549632, 0.05870674985819626, 0.057005104934770276, 0.06437889960294951, 0.06466250709018719, 0.0652297220646625, 0.035734543391945546], [0.02127056154282473, 0.024390243902439025, 0.030346001134429947, 0.07146908678389109, 0.07231990924560408, 0.03460011344299489, 0.04339194554736245, 0.03771979580260919, 0.0737379466817924, 0.06806579693703914, 0.06778218944980148, 0.13499716392512762, 0.07231990924560408, 0.05076574021554169, 0.12138400453771979, 0.1281905842314237, 0.04424276800907544, 0.039988655700510495, 0.04736245036868973, 0.06579693703913783, 0.0867838910947249, 0.08763471355643788, 0.11174134997163924, 0.11883153715258082, 0.14293817356778218, 0.22972206466250708, 0.11826432217810551, 0.1236528644356211, 0.13244469653998867, 0.09926262053318208, 0.0737379466817924, 0.10124787294384571, 0.07203630175836642, 0.06891661939875213, 0.08082813386273398, 0.07770845150311968, 0.09018718094157686, 0.047078842881452074], [0.010777084515031198, 0.012762336925694838, 0.010777084515031198, 0.021837776517300057, 0.036585365853658534, 0.013613159387407828, 0.024957458876914352, 0.025524673851389675, 0.039421440726035165, 0.055587067498581964, 0.06891661939875213, 0.08479863868406126, 0.05870674985819626, 0.054736245036868976, 0.07941009642654566, 0.07033465683494045, 0.04906409529211571, 0.04821327283040272, 0.04792966534316506, 0.04537719795802609, 0.039137833238797506, 0.03233125354509359, 0.09671015314804311, 0.07458876914350539, 0.07345433919455474, 0.11826432217810551, 0.17952353942144073, 0.09359047078842882, 0.08423142370958593, 0.07827566647759501, 0.06466250709018719, 0.06920022688598979, 0.04736245036868973, 0.03970504821327283, 0.05643788996029495, 0.060692002268859895, 0.07175269427112876, 0.04055587067498582], [0.015031196823596143, 0.017016449234259785, 0.024390243902439025, 0.05331820760068066, 0.05813953488372093, 0.029778786159954624, 0.02864435621100397, 0.026375496313102667, 0.052750992626205334, 0.04622802041973908, 0.05019852524106636, 0.10181508791832104, 0.05104934770277935, 0.03119682359614294, 0.09132161089052751, 0.10096426545660805, 0.02836074872376631, 0.03460011344299489, 0.033465683494044246, 0.051332955190017016, 0.06636415201361316, 0.06466250709018719, 0.06296086216676121, 0.09415768576290415, 0.10266591038003403, 0.1236528644356211, 0.09359047078842882, 0.1676120249574589, 0.13584798638684062, 0.08026091888825865, 0.0760068065796937, 0.10011344299489507, 0.07175269427112876, 0.06636415201361316, 0.06182643221781055, 0.0638116846284742, 0.07005104934770277, 0.03828701077708452], [0.017300056721497446, 0.02013613159387408, 0.02665910380034033, 0.06182643221781055, 0.06551332955190017, 0.03176403857061826, 0.036585365853658534, 0.037152580828133865, 0.07175269427112876, 0.060692002268859895, 0.06211003970504821, 0.12563811684628473, 0.06948383437322746, 0.03488372093023256, 0.10238230289279637, 0.11741349971639252, 0.027509926262053317, 0.031480431083380604, 0.03318207600680658, 0.05076574021554169, 0.08026091888825865, 0.07345433919455474, 0.057005104934770276, 0.08394781622234827, 0.11117413499716393, 0.13244469653998867, 0.08423142370958593, 0.13584798638684062, 0.19171866137266025, 0.1106069200226886, 0.08848553601815087, 0.11486103233125354, 0.08281338627339761, 0.07742484401588202, 0.08082813386273398, 0.07770845150311968, 0.08479863868406126, 0.041406693136698806], [0.011627906976744186, 0.01106069200226886, 0.015031196823596143, 0.03460011344299489, 0.03545093590470788, 0.022404991491775383, 0.024390243902439025, 0.026091888825865002, 0.04878048780487805, 0.04622802041973908, 0.05388542257515598, 0.08252977878615995, 0.07260351673284175, 0.051332955190017016, 0.07430516165626773, 0.079126488939308, 0.036585365853658534, 0.03828701077708452, 0.02665910380034033, 0.03204764605785593, 0.05672149744753262, 0.04878048780487805, 0.055019852524106634, 0.04963131026659104, 0.06352807714123652, 0.09926262053318208, 0.07827566647759501, 0.08026091888825865, 0.1106069200226886, 0.17555303460011346, 0.10975609756097561, 0.10351673284174702, 0.08252977878615995, 0.07146908678389109, 0.061259217243335225, 0.05615428247305729, 0.06778218944980148, 0.024673851389676687], [0.013045944412932501, 0.01191151446398185, 0.01588201928530913, 0.02864435621100397, 0.027793533749290982, 0.0238230289279637, 0.01758366420873511, 0.026375496313102667, 0.04254112308564946, 0.04055587067498582, 0.04480998298355077, 0.07770845150311968, 0.06721497447532615, 0.051332955190017016, 0.06948383437322746, 0.07118547929665343, 0.02864435621100397, 0.03261486103233125, 0.02212138400453772, 0.02836074872376631, 0.04537719795802609, 0.039988655700510495, 0.04083947816222348, 0.04537719795802609, 0.05445263754963131, 0.0737379466817924, 0.06466250709018719, 0.0760068065796937, 0.08848553601815087, 0.10975609756097561, 0.1636415201361316, 0.11996596710153148, 0.09359047078842882, 0.08479863868406126, 0.06324446965399887, 0.057572319909245606, 0.06324446965399887, 0.024957458876914352], [0.017300056721497446, 0.01588201928530913, 0.0238230289279637, 0.0476460578559274, 0.054736245036868976, 0.03545093590470788, 0.02836074872376631, 0.039988655700510495, 0.059841179807146906, 0.06352807714123652, 0.06409529211571185, 0.11514463981849121, 0.07345433919455474, 0.05161656267725468, 0.09812819058423142, 0.10606920022688598, 0.030913216108905274, 0.03771979580260919, 0.035734543391945546, 0.04169030062393647, 0.057855927396483264, 0.060408394781622236, 0.05672149744753262, 0.06806579693703914, 0.08054452637549632, 0.10124787294384571, 0.06920022688598979, 0.10011344299489507, 0.11486103233125354, 0.10351673284174702, 0.11996596710153148, 0.2081678956324447, 0.14038570618264323, 0.12280204197390811, 0.10124787294384571, 0.08876914350538855, 0.09614293817356778, 0.04509359047078843], [0.010777084515031198, 0.01106069200226886, 0.017300056721497446, 0.032898468519568916, 0.03488372093023256, 0.02694271128757799, 0.02127056154282473, 0.02864435621100397, 0.04537719795802609, 0.041406693136698806, 0.04310833806012479, 0.08026091888825865, 0.05870674985819626, 0.04367555303460011, 0.0706182643221781, 0.08026091888825865, 0.025524673851389675, 0.030913216108905274, 0.025241066364152014, 0.029211571185479297, 0.04622802041973908, 0.04679523539421441, 0.04027226318774816, 0.04906409529211571, 0.05870674985819626, 0.07203630175836642, 0.04736245036868973, 0.07175269427112876, 0.08281338627339761, 0.08252977878615995, 0.09359047078842882, 0.14038570618264323, 0.16080544526375495, 0.1273397617697107, 0.0921724333522405, 0.07543959160521838, 0.07855927396483267, 0.037152580828133865], [0.010777084515031198, 0.008791832104367556, 0.015314804310833806, 0.03601815087918321, 0.03233125354509359, 0.027793533749290982, 0.019285309132161088, 0.024390243902439025, 0.047078842881452074, 0.03800340328984685, 0.036301758366420876, 0.07657402155416904, 0.055587067498581964, 0.03828701077708452, 0.06721497447532615, 0.07487237663074305, 0.021554169030062395, 0.025524673851389675, 0.019285309132161088, 0.03119682359614294, 0.048496880317640385, 0.047078842881452074, 0.035734543391945546, 0.045660805445263755, 0.057005104934770276, 0.06891661939875213, 0.03970504821327283, 0.06636415201361316, 0.07742484401588202, 0.07146908678389109, 0.08479863868406126, 0.12280204197390811, 0.1273397617697107, 0.15796937039137834, 0.10465116279069768, 0.08394781622234827, 0.08593306863301191, 0.04169030062393647], [0.010493477027793534, 0.007941009642654566, 0.013896766874645491, 0.038570618264322176, 0.04878048780487805, 0.02098695405558707, 0.02410663641520136, 0.0238230289279637, 0.048496880317640385, 0.05161656267725468, 0.048496880317640385, 0.0836642087351106, 0.057005104934770276, 0.03516732841747022, 0.07742484401588202, 0.08479863868406126, 0.02580828133862734, 0.025524673851389675, 0.02949517867271696, 0.03516732841747022, 0.045660805445263755, 0.041406693136698806, 0.05076574021554169, 0.047078842881452074, 0.06437889960294951, 0.08082813386273398, 0.05643788996029495, 0.06182643221781055, 0.08082813386273398, 0.061259217243335225, 0.06324446965399887, 0.10124787294384571, 0.0921724333522405, 0.10465116279069768, 0.17328417470221213, 0.1191151446398185, 0.12251843448667045, 0.06579693703913783], [0.009642654566080544, 0.013329551900170164, 0.01191151446398185, 0.036585365853658534, 0.049347702779353374, 0.0238230289279637, 0.029778786159954624, 0.029211571185479297, 0.058423142370958595, 0.0553034600113443, 0.049914917753828704, 0.08451503119682359, 0.05587067498581962, 0.028077141236528644, 0.07402155416903006, 0.07941009642654566, 0.024390243902439025, 0.02694271128757799, 0.03545093590470788, 0.03601815087918321, 0.05331820760068066, 0.041406693136698806, 0.05104934770277935, 0.05360181508791832, 0.06466250709018719, 0.07770845150311968, 0.060692002268859895, 0.0638116846284742, 0.07770845150311968, 0.05615428247305729, 0.057572319909245606, 0.08876914350538855, 0.07543959160521838, 0.08394781622234827, 0.1191151446398185, 0.17300056721497448, 0.13925127623369257, 0.08167895632444697], [0.017867271695972773, 0.023539421440726037, 0.02041973908111174, 0.045660805445263755, 0.0553034600113443, 0.03460011344299489, 0.04395916052183778, 0.04339194554736245, 0.0683494044242768, 0.06636415201361316, 0.0652297220646625, 0.10238230289279637, 0.07487237663074305, 0.052183777651730004, 0.09926262053318208, 0.09926262053318208, 0.041406693136698806, 0.04083947816222348, 0.04027226318774816, 0.03885422575155984, 0.05445263754963131, 0.04594441293250142, 0.06437889960294951, 0.057005104934770276, 0.0652297220646625, 0.09018718094157686, 0.07175269427112876, 0.07005104934770277, 0.08479863868406126, 0.06778218944980148, 0.06324446965399887, 0.09614293817356778, 0.07855927396483267, 0.08593306863301191, 0.12251843448667045, 0.13925127623369257, 0.2257515598411798, 0.11230856494611458], [0.004821327283040272, 0.007941009642654566, 0.009926262053318207, 0.017016449234259785, 0.030629608621667612, 0.017300056721497446, 0.016732841747022123, 0.019852524106636415, 0.028927963698241632, 0.03545093590470788, 0.03601815087918321, 0.05303460011344299, 0.029211571185479297, 0.02013613159387408, 0.04594441293250142, 0.049914917753828704, 0.021554169030062395, 0.0184344866704481, 0.02665910380034033, 0.02297220646625071, 0.02580828133862734, 0.021554169030062395, 0.03828701077708452, 0.03516732841747022, 0.035734543391945546, 0.047078842881452074, 0.04055587067498582, 0.03828701077708452, 0.041406693136698806, 0.024673851389676687, 0.024957458876914352, 0.04509359047078843, 0.037152580828133865, 0.04169030062393647, 0.06579693703913783, 0.08167895632444697, 0.11230856494611458, 0.11429381735677822]], [[0.05161656267725468, 0.03743618831537152, 0.02864435621100397, 0.02864435621100397, 0.015031196823596143, 0.013045944412932501, 0.024957458876914352, 0.021554169030062395, 0.02297220646625071, 0.01588201928530913, 0.018150879183210438, 0.024390243902439025, 0.013896766874645491, 0.01020986954055587, 0.01871809415768576, 0.015314804310833806, 0.004821327283040272, 0.004254112308564946, 0.004254112308564946, 0.007941009642654566, 0.013896766874645491, 0.009926262053318207, 0.007090187180941577, 0.010777084515031198, 0.013613159387407828, 0.01559841179807147, 0.009926262053318207, 0.012762336925694838, 0.013896766874645491, 0.009075439591605219, 0.010493477027793534, 0.012478729438457176, 0.007657402155416903, 0.009642654566080544, 0.012195121951219513, 0.01106069200226886, 0.013896766874645491, 0.004821327283040272], [0.03743618831537152, 0.06749858196256381, 0.03800340328984685, 0.03828701077708452, 0.02212138400453772, 0.02694271128757799, 0.04821327283040272, 0.03970504821327283, 0.04055587067498582, 0.02836074872376631, 0.030062393647192286, 0.03233125354509359, 0.01559841179807147, 0.009642654566080544, 0.024957458876914352, 0.016165626772546796, 0.005672149744753261, 0.007090187180941577, 0.006239364719228588, 0.008791832104367556, 0.016449234259784458, 0.011344299489506523, 0.008508224617129892, 0.011627906976744186, 0.018150879183210438, 0.02212138400453772, 0.01559841179807147, 0.016449234259784458, 0.017867271695972773, 0.013045944412932501, 0.012478729438457176, 0.013045944412932501, 0.008791832104367556, 0.010493477027793534, 0.013045944412932501, 0.01588201928530913, 0.022404991491775383, 0.00737379466817924], [0.02864435621100397, 0.03800340328984685, 0.07090187180941576, 0.057855927396483264, 0.04424276800907544, 0.03516732841747022, 0.033749290981281904, 0.03204764605785593, 0.032898468519568916, 0.016732841747022123, 0.019852524106636415, 0.03318207600680658, 0.014180374361883154, 0.009642654566080544, 0.028927963698241632, 0.02580828133862734, 0.005672149744753261, 0.005672149744753261, 0.003970504821327283, 0.015031196823596143, 0.02297220646625071, 0.020703346568349403, 0.014180374361883154, 0.019285309132161088, 0.024673851389676687, 0.02580828133862734, 0.012195121951219513, 0.023255813953488372, 0.021837776517300057, 0.013896766874645491, 0.01474758933635848, 0.0184344866704481, 0.013613159387407828, 0.015314804310833806, 0.012478729438457176, 0.012762336925694838, 0.016165626772546796, 0.009642654566080544], [0.02864435621100397, 0.03828701077708452, 0.057855927396483264, 0.1236528644356211, 0.08990357345433919, 0.061259217243335225, 0.06154282473057289, 0.057855927396483264, 0.07572319909245605, 0.04537719795802609, 0.039988655700510495, 0.07742484401588202, 0.04027226318774816, 0.02098695405558707, 0.06636415201361316, 0.06267725467952354, 0.012762336925694838, 0.010493477027793534, 0.006806579693703914, 0.026091888825865002, 0.04622802041973908, 0.04055587067498582, 0.024673851389676687, 0.03885422575155984, 0.051900170164492346, 0.051900170164492346, 0.022688598979013045, 0.04027226318774816, 0.04424276800907544, 0.027509926262053317, 0.0238230289279637, 0.03743618831537152, 0.024390243902439025, 0.03119682359614294, 0.030062393647192286, 0.031480431083380604, 0.03743618831537152, 0.0184344866704481], [0.015031196823596143, 0.02212138400453772, 0.04424276800907544, 0.08990357345433919, 0.11741349971639252, 0.07146908678389109, 0.057005104934770276, 0.055019852524106634, 0.06749858196256381, 0.05076574021554169, 0.04537719795802609, 0.07231990924560408, 0.03460011344299489, 0.02127056154282473, 0.06437889960294951, 0.057572319909245606, 0.01106069200226886, 0.01106069200226886, 0.014180374361883154, 0.026091888825865002, 0.03460011344299489, 0.03176403857061826, 0.030062393647192286, 0.036585365853658534, 0.04736245036868973, 0.05246738513896767, 0.030913216108905274, 0.04395916052183778, 0.04679523539421441, 0.027509926262053317, 0.023255813953488372, 0.042257515598411795, 0.025241066364152014, 0.027509926262053317, 0.03403289846851957, 0.03743618831537152, 0.04083947816222348, 0.0238230289279637], [0.013045944412932501, 0.02694271128757799, 0.03516732841747022, 0.061259217243335225, 0.07146908678389109, 0.09727736812251843, 0.060408394781622236, 0.05615428247305729, 0.05587067498581962, 0.04310833806012479, 0.041406693136698806, 0.05445263754963131, 0.02410663641520136, 0.02098695405558707, 0.0476460578559274, 0.0368689733408962, 0.011344299489506523, 0.01106069200226886, 0.008508224617129892, 0.017300056721497446, 0.02410663641520136, 0.021837776517300057, 0.02013613159387408, 0.020703346568349403, 0.024673851389676687, 0.030062393647192286, 0.016165626772546796, 0.026375496313102667, 0.026375496313102667, 0.019285309132161088, 0.02013613159387408, 0.027509926262053317, 0.02127056154282473, 0.020703346568349403, 0.01588201928530913, 0.02013613159387408, 0.02864435621100397, 0.016732841747022123], [0.024957458876914352, 0.04821327283040272, 0.033749290981281904, 0.06154282473057289, 0.057005104934770276, 0.060408394781622236, 0.10181508791832104, 0.07657402155416904, 0.07770845150311968, 0.05445263754963131, 0.05048213272830403, 0.061259217243335225, 0.03601815087918321, 0.026375496313102667, 0.055587067498581964, 0.037152580828133865, 0.01106069200226886, 0.009642654566080544, 0.007657402155416903, 0.00935904707884288, 0.023539421440726037, 0.017867271695972773, 0.017016449234259785, 0.017300056721497446, 0.028077141236528644, 0.03488372093023256, 0.02297220646625071, 0.021837776517300057, 0.02694271128757799, 0.021837776517300057, 0.01588201928530913, 0.021837776517300057, 0.01559841179807147, 0.01559841179807147, 0.02098695405558707, 0.02665910380034033, 0.03601815087918321, 0.01588201928530913], [0.021554169030062395, 0.03970504821327283, 0.03204764605785593, 0.057855927396483264, 0.055019852524106634, 0.05615428247305729, 0.07657402155416904, 0.12195121951219512, 0.09812819058423142, 0.07005104934770277, 0.06579693703913783, 0.07770845150311968, 0.04594441293250142, 0.03828701077708452, 0.06012478729438457, 0.04083947816222348, 0.016732841747022123, 0.016449234259784458, 0.010777084515031198, 0.007090187180941577, 0.021554169030062395, 0.01871809415768576, 0.021837776517300057, 0.01588201928530913, 0.024673851389676687, 0.03601815087918321, 0.029778786159954624, 0.024673851389676687, 0.02836074872376631, 0.025524673851389675, 0.019001701644923426, 0.028927963698241632, 0.019568916619398753, 0.019001701644923426, 0.022404991491775383, 0.02864435621100397, 0.04055587067498582, 0.0238230289279637], [0.02297220646625071, 0.04055587067498582, 0.032898468519568916, 0.07572319909245605, 0.06749858196256381, 0.05587067498581962, 0.07770845150311968, 0.09812819058423142, 0.1642087351106069, 0.09982983550765741, 0.08593306863301191, 0.1191151446398185, 0.07855927396483267, 0.04310833806012479, 0.07714123652864435, 0.07345433919455474, 0.02297220646625071, 0.02297220646625071, 0.015031196823596143, 0.016449234259784458, 0.04424276800907544, 0.036301758366420876, 0.031480431083380604, 0.036301758366420876, 0.055587067498581964, 0.06296086216676121, 0.04083947816222348, 0.04254112308564946, 0.052750992626205334, 0.04112308564946115, 0.03488372093023256, 0.04906409529211571, 0.033465683494044246, 0.037152580828133865, 0.04254112308564946, 0.049914917753828704, 0.06097560975609756, 0.02949517867271696], [0.01588201928530913, 0.02836074872376631, 0.016732841747022123, 0.04537719795802609, 0.05076574021554169, 0.04310833806012479, 0.05445263754963131, 0.07005104934770277, 0.09982983550765741, 0.1537152580828134, 0.10918888258650028, 0.11769710720363018, 0.07941009642654566, 0.05587067498581962, 0.07799205899035734, 0.06948383437322746, 0.03176403857061826, 0.026375496313102667, 0.0238230289279637, 0.018150879183210438, 0.028927963698241632, 0.025241066364152014, 0.0368689733408962, 0.03204764605785593, 0.042257515598411795, 0.05643788996029495, 0.0476460578559274, 0.037152580828133865, 0.04480998298355077, 0.03460011344299489, 0.030062393647192286, 0.05048213272830403, 0.027793533749290982, 0.02836074872376631, 0.04169030062393647, 0.04367555303460011, 0.05927396483267158, 0.03119682359614294], [0.018150879183210438, 0.030062393647192286, 0.019852524106636415, 0.039988655700510495, 0.04537719795802609, 0.041406693136698806, 0.05048213272830403, 0.06579693703913783, 0.08593306863301191, 0.10918888258650028, 0.1775382870107771, 0.13272830402722632, 0.07969370391378332, 0.0768576290414067, 0.10039705048213272, 0.07317073170731707, 0.03488372093023256, 0.034316505955757234, 0.03318207600680658, 0.023539421440726037, 0.027226318774815655, 0.0238230289279637, 0.046511627906976744, 0.03318207600680658, 0.03460011344299489, 0.05672149744753262, 0.055587067498581964, 0.03885422575155984, 0.04509359047078843, 0.04424276800907544, 0.036301758366420876, 0.05587067498581962, 0.03204764605785593, 0.028927963698241632, 0.036585365853658534, 0.03970504821327283, 0.05899035734543392, 0.03204764605785593], [0.024390243902439025, 0.03233125354509359, 0.03318207600680658, 0.07742484401588202, 0.07231990924560408, 0.05445263754963131, 0.061259217243335225, 0.07770845150311968, 0.1191151446398185, 0.11769710720363018, 0.132728