{"rep": [[[0.06557377049180328, 0.035737704918032784, 0.02098360655737705, 0.020327868852459016, 0.010819672131147541, 0.010819672131147541, 0.026885245901639345, 0.03770491803278689, 0.036721311475409836, 0.040327868852459016, 0.03639344262295082, 0.035081967213114754, 0.03016393442622951, 0.03442622950819672, 0.0380327868852459, 0.036065573770491806, 0.02754098360655738, 0.035081967213114754, 0.025901639344262296, 0.01377049180327869, 0.013114754098360656, 0.00819672131147541, 0.007868852459016393, 0.005573770491803279, 0.005573770491803279, 0.005573770491803279, 0.007213114754098361, 0.006229508196721312, 0.009508196721311476, 0.010491803278688525, 0.008524590163934427, 0.02459016393442623, 0.020327868852459016, 0.02459016393442623, 0.01540983606557377, 0.009508196721311476, 0.023934426229508195, 0.017049180327868854], [0.035737704918032784, 0.07114754098360655, 0.03442622950819672, 0.03836065573770492, 0.021639344262295083, 0.03180327868852459, 0.05639344262295082, 0.04295081967213115, 0.036721311475409836, 0.04524590163934426, 0.03639344262295082, 0.029180327868852458, 0.021639344262295083, 0.02622950819672131, 0.026557377049180327, 0.03016393442622951, 0.021311475409836064, 0.02262295081967213, 0.017049180327868854, 0.010491803278688525, 0.011475409836065573, 0.00819672131147541, 0.009836065573770493, 0.005901639344262295, 0.006557377049180328, 0.010491803278688525, 0.00819672131147541, 0.006557377049180328, 0.006229508196721312, 0.00819672131147541, 0.01540983606557377, 0.011475409836065573, 0.010491803278688525, 0.01377049180327869, 0.010819672131147541, 0.012131147540983607, 0.016721311475409836, 0.013114754098360656], [0.02098360655737705, 0.03442622950819672, 0.05081967213114754, 0.04065573770491803, 0.03016393442622951, 0.024262295081967214, 0.032131147540983604, 0.03081967213114754, 0.028852459016393443, 0.029180327868852458, 0.025245901639344263, 0.018032786885245903, 0.009508196721311476, 0.010819672131147541, 0.010491803278688525, 0.013114754098360656, 0.011475409836065573, 0.01180327868852459, 0.01180327868852459, 0.010163934426229508, 0.010163934426229508, 0.0075409836065573775, 0.005573770491803279, 0.003278688524590164, 0.0042622950819672135, 0.006557377049180328, 0.007868852459016393, 0.007213114754098361, 0.008524590163934427, 0.007868852459016393, 0.010163934426229508, 0.006885245901639345, 0.006557377049180328, 0.008852459016393442, 0.00819672131147541, 0.006229508196721312, 0.008524590163934427, 0.006229508196721312], [0.020327868852459016, 0.03836065573770492, 0.04065573770491803, 0.0881967213114754, 0.05016393442622951, 0.04131147540983607, 0.04918032786885246, 0.046885245901639346, 0.046885245901639346, 0.05508196721311476, 0.040983606557377046, 0.03770491803278689, 0.02754098360655738, 0.02262295081967213, 0.020327868852459016, 0.02721311475409836, 0.03114754098360656, 0.025573770491803278, 0.019344262295081967, 0.017704918032786884, 0.023934426229508195, 0.019672131147540985, 0.016065573770491802, 0.012459016393442624, 0.014098360655737704, 0.02098360655737705, 0.017704918032786884, 0.014426229508196721, 0.01540983606557377, 0.010163934426229508, 0.015081967213114755, 0.011475409836065573, 0.013442622950819673, 0.018032786885245903, 0.01639344262295082, 0.016065573770491802, 0.02262295081967213, 0.017704918032786884], [0.010819672131147541, 0.021639344262295083, 0.03016393442622951, 0.05016393442622951, 0.07508196721311475, 0.04918032786885246, 0.04131147540983607, 0.04360655737704918, 0.04262295081967213, 0.04459016393442623, 0.04459016393442623, 0.02983606557377049, 0.023934426229508195, 0.022950819672131147, 0.016721311475409836, 0.018032786885245903, 0.021639344262295083, 0.02, 0.01377049180327869, 0.01540983606557377, 0.02, 0.016065573770491802, 0.01540983606557377, 0.010491803278688525, 0.011147540983606558, 0.013114754098360656, 0.015081967213114755, 0.014098360655737704, 0.015081967213114755, 0.011475409836065573, 0.01180327868852459, 0.011475409836065573, 0.0075409836065573775, 0.00819672131147541, 0.008524590163934427, 0.00819672131147541, 0.013442622950819673, 0.0075409836065573775], [0.010819672131147541, 0.03180327868852459, 0.024262295081967214, 0.04131147540983607, 0.04918032786885246, 0.08622950819672132, 0.05868852459016394, 0.04622950819672131, 0.04819672131147541, 0.05442622950819672, 0.047540983606557376, 0.032131147540983604, 0.029180327868852458, 0.023278688524590165, 0.021639344262295083, 0.02819672131147541, 0.02360655737704918, 0.015737704918032787, 0.014426229508196721, 0.014426229508196721, 0.01639344262295082, 0.013442622950819673, 0.014754098360655738, 0.009180327868852459, 0.008524590163934427, 0.01639344262295082, 0.012786885245901639, 0.013442622950819673, 0.01737704918032787, 0.017049180327868854, 0.022295081967213116, 0.014426229508196721, 0.014098360655737704, 0.016721311475409836, 0.014098360655737704, 0.015081967213114755, 0.02098360655737705, 0.014426229508196721], [0.026885245901639345, 0.05639344262295082, 0.032131147540983604, 0.04918032786885246, 0.04131147540983607, 0.05868852459016394, 0.11081967213114755, 0.07311475409836066, 0.06786885245901639, 0.07704918032786885, 0.0740983606557377, 0.05737704918032787, 0.04655737704918033, 0.037377049180327866, 0.04491803278688525, 0.04524590163934426, 0.040327868852459016, 0.03442622950819672, 0.021639344262295083, 0.017049180327868854, 0.019344262295081967, 0.014098360655737704, 0.021967213114754098, 0.020655737704918034, 0.01901639344262295, 0.028524590163934428, 0.021967213114754098, 0.018032786885245903, 0.01639344262295082, 0.017704918032786884, 0.02360655737704918, 0.021967213114754098, 0.018688524590163933, 0.023934426229508195, 0.020327868852459016, 0.02262295081967213, 0.03180327868852459, 0.021967213114754098], [0.03770491803278689, 0.04295081967213115, 0.03081967213114754, 0.046885245901639346, 0.04360655737704918, 0.04622950819672131, 0.07311475409836066, 0.1918032786885246, 0.1560655737704918, 0.14622950819672131, 0.1557377049180328, 0.14, 0.12459016393442623, 0.12295081967213115, 0.12557377049180327, 0.11442622950819673, 0.09672131147540984, 0.10885245901639344, 0.08885245901639344, 0.04622950819672131, 0.033770491803278686, 0.015737704918032787, 0.018032786885245903, 0.015081967213114755, 0.014426229508196721, 0.02622950819672131, 0.03770491803278689, 0.035081967213114754, 0.053442622950819675, 0.035081967213114754, 0.024918032786885248, 0.10163934426229508, 0.08163934426229508, 0.1019672131147541, 0.05573770491803279, 0.04, 0.08098360655737705, 0.050491803278688525], [0.036721311475409836, 0.036721311475409836, 0.028852459016393443, 0.046885245901639346, 0.04262295081967213, 0.04819672131147541, 0.06786885245901639, 0.1560655737704918, 0.21901639344262294, 0.1780327868852459, 0.16295081967213115, 0.1616393442622951, 0.14885245901639343, 0.1301639344262295, 0.12360655737704918, 0.1219672131147541, 0.11672131147540983, 0.11967213114754098, 0.09278688524590165, 0.05016393442622951, 0.04360655737704918, 0.023278688524590165, 0.032459016393442626, 0.02262295081967213, 0.02360655737704918, 0.033114754098360656, 0.04360655737704918, 0.0419672131147541, 0.05540983606557377, 0.04426229508196721, 0.032131147540983604, 0.10754098360655738, 0.08754098360655738, 0.10721311475409837, 0.058360655737704915, 0.043934426229508196, 0.08295081967213115, 0.04918032786885246], [0.040327868852459016, 0.04524590163934426, 0.029180327868852458, 0.05508196721311476, 0.04459016393442623, 0.05442622950819672, 0.07704918032786885, 0.14622950819672131, 0.1780327868852459, 0.25606557377049183, 0.19934426229508198, 0.19672131147540983, 0.1839344262295082, 0.1498360655737705, 0.1501639344262295, 0.15967213114754097, 0.13934426229508196, 0.13409836065573771, 0.09934426229508196, 0.05377049180327869, 0.04622950819672131, 0.02983606557377049, 0.04, 0.033770491803278686, 0.037377049180327866, 0.05311475409836065, 0.05245901639344262, 0.04557377049180328, 0.06, 0.057704918032786885, 0.05016393442622951, 0.12754098360655738, 0.10229508196721311, 0.12393442622950819, 0.07049180327868852, 0.05540983606557377, 0.10590163934426229, 0.06688524590163934], [0.03639344262295082, 0.03639344262295082, 0.025245901639344263, 0.040983606557377046, 0.04459016393442623, 0.047540983606557376, 0.0740983606557377, 0.1557377049180328, 0.16295081967213115, 0.19934426229508198, 0.2839344262295082, 0.22262295081967212, 0.2, 0.1859016393442623, 0.1980327868852459, 0.16065573770491803, 0.13245901639344262, 0.14655737704918032, 0.11180327868852459, 0.06491803278688525, 0.05377049180327869, 0.02721311475409836, 0.039672131147540986, 0.03540983606557377, 0.037377049180327866, 0.05311475409836065, 0.06098360655737705, 0.05508196721311476, 0.06622950819672131, 0.05934426229508197, 0.046885245901639346, 0.13245901639344262, 0.10590163934426229, 0.1318032786885246, 0.07901639344262296, 0.06622950819672131, 0.1121311475409836, 0.07049180327868852], [0.035081967213114754, 0.029180327868852458, 0.018032786885245903, 0.03770491803278689, 0.02983606557377049, 0.032131147540983604, 0.05737704918032787, 0.14, 0.1616393442622951, 0.19672131147540983, 0.22262295081967212, 0.3144262295081967, 0.23737704918032787, 0.1977049180327869, 0.22655737704918033, 0.20426229508196722, 0.1678688524590164, 0.1737704918032787, 0.1298360655737705, 0.07770491803278688, 0.06885245901639345, 0.03442622950819672, 0.054754098360655735, 0.046885245901639346, 0.04622950819672131, 0.07147540983606557, 0.07868852459016394, 0.07245901639344263, 0.07901639344262296, 0.07081967213114754, 0.058360655737704915, 0.15311475409836064, 0.11934426229508197, 0.13868852459016393, 0.0881967213114754, 0.0780327868852459, 0.12327868852459016, 0.07540983606557378], [0.03016393442622951, 0.021639344262295083, 0.009508196721311476, 0.02754098360655738, 0.023934426229508195, 0.029180327868852458, 0.04655737704918033, 0.12459016393442623, 0.14885245901639343, 0.1839344262295082, 0.2, 0.23737704918032787, 0.29704918032786887, 0.22032786885245903, 0.2259016393442623, 0.2062295081967213, 0.17868852459016393, 0.16950819672131148, 0.13245901639344262, 0.07737704918032787, 0.06885245901639345, 0.04131147540983607, 0.06295081967213115, 0.04262295081967213, 0.04229508196721311, 0.05540983606557377, 0.061311475409836065, 0.057704918032786885, 0.06786885245901639, 0.06098360655737705, 0.05016393442622951, 0.13311475409836065, 0.1078688524590164, 0.12885245901639344, 0.07901639344262296, 0.07016393442622951, 0.1160655737704918, 0.07245901639344263], [0.03442622950819672, 0.02622950819672131, 0.010819672131147541, 0.02262295081967213, 0.022950819672131147, 0.023278688524590165, 0.037377049180327866, 0.12295081967213115, 0.1301639344262295, 0.1498360655737705, 0.1859016393442623, 0.1977049180327869, 0.22032786885245903, 0.2901639344262295, 0.24131147540983608, 0.1977049180327869, 0.17442622950819672, 0.1859016393442623, 0.1360655737704918, 0.0780327868852459, 0.06459016393442622, 0.04262295081967213, 0.054098360655737705, 0.031475409836065574, 0.036065573770491806, 0.05573770491803279, 0.06295081967213115, 0.060655737704918035, 0.07081967213114754, 0.04655737704918033, 0.04131147540983607, 0.12065573770491804, 0.09442622950819672, 0.11737704918032787, 0.07344262295081967, 0.05934426229508197, 0.1019672131147541, 0.06360655737704918], [0.0380327868852459, 0.026557377049180327, 0.010491803278688525, 0.020327868852459016, 0.016721311475409836, 0.021639344262295083, 0.04491803278688525, 0.12557377049180327, 0.12360655737704918, 0.1501639344262295, 0.1980327868852459, 0.22655737704918033, 0.2259016393442623, 0.24131147540983608, 0.34852459016393444, 0.2498360655737705, 0.20262295081967213, 0.21672131147540982, 0.1721311475409836, 0.10426229508196722, 0.08786885245901639, 0.05213114754098361, 0.08163934426229508, 0.054754098360655735, 0.05442622950819672, 0.07934426229508197, 0.09442622950819672, 0.08295081967213115, 0.08, 0.06655737704918033, 0.06327868852459016, 0.14491803278688525, 0.11311475409836065, 0.13934426229508196, 0.09081967213114754, 0.08459016393442623, 0.12524590163934426, 0.08229508196721312], [0.036065573770491806, 0.03016393442622951, 0.013114754098360656, 0.02721311475409836, 0.018032786885245903, 0.02819672131147541, 0.04524590163934426, 0.11442622950819673, 0.1219672131147541, 0.15967213114754097, 0.16065573770491803, 0.20426229508196722, 0.2062295081967213, 0.1977049180327869, 0.2498360655737705, 0.340655737704918, 0.23442622950819672, 0.2160655737704918, 0.17704918032786884, 0.11770491803278689, 0.09344262295081968, 0.05081967213114754, 0.09245901639344262, 0.06491803278688525, 0.057704918032786885, 0.08, 0.08327868852459017, 0.0659016393442623, 0.07081967213114754, 0.06786885245901639, 0.06688524590163934, 0.15114754098360655, 0.12327868852459016, 0.14622950819672131, 0.09114754098360656, 0.08327868852459017, 0.13114754098360656, 0.08426229508196721], [0.02754098360655738, 0.021311475409836064, 0.011475409836065573, 0.03114754098360656, 0.021639344262295083, 0.02360655737704918, 0.040327868852459016, 0.09672131147540984, 0.11672131147540983, 0.13934426229508196, 0.13245901639344262, 0.1678688524590164, 0.17868852459016393, 0.17442622950819672, 0.20262295081967213, 0.23442622950819672, 0.299344262295082, 0.23081967213114754, 0.1780327868852459, 0.11442622950819673, 0.09868852459016393, 0.0580327868852459, 0.09180327868852459, 0.060655737704918035, 0.054754098360655735, 0.07508196721311475, 0.0740983606557377, 0.05639344262295082, 0.05737704918032787, 0.050491803278688525, 0.04786885245901639, 0.12622950819672132, 0.0960655737704918, 0.11442622950819673, 0.07213114754098361, 0.06622950819672131, 0.11442622950819673, 0.07639344262295082], [0.035081967213114754, 0.02262295081967213, 0.01180327868852459, 0.025573770491803278, 0.02, 0.015737704918032787, 0.03442622950819672, 0.10885245901639344, 0.11967213114754098, 0.13409836065573771, 0.14655737704918032, 0.1737704918032787, 0.16950819672131148, 0.1859016393442623, 0.21672131147540982, 0.2160655737704918, 0.23081967213114754, 0.3160655737704918, 0.20950819672131146, 0.13704918032786886, 0.11901639344262295, 0.07377049180327869, 0.0940983606557377, 0.061311475409836065, 0.061311475409836065, 0.07245901639344263, 0.07540983606557378, 0.06, 0.06032786885245902, 0.05147540983606557, 0.04426229508196721, 0.1380327868852459, 0.10262295081967213, 0.12163934426229508, 0.07639344262295082, 0.07475409836065573, 0.11836065573770492, 0.07344262295081967], [0.025901639344262296, 0.017049180327868854, 0.01180327868852459, 0.019344262295081967, 0.01377049180327869, 0.014426229508196721, 0.021639344262295083, 0.08885245901639344, 0.09278688524590165, 0.09934426229508196, 0.11180327868852459, 0.1298360655737705, 0.13245901639344262, 0.1360655737704918, 0.1721311475409836, 0.17704918032786884, 0.1780327868852459, 0.20950819672131146, 0.25934426229508195, 0.160327868852459, 0.12524590163934426, 0.06688524590163934, 0.0921311475409836, 0.05508196721311476, 0.04950819672131147, 0.05311475409836065, 0.0659016393442623, 0.05245901639344262, 0.051147540983606556, 0.0419672131147541, 0.03704918032786885, 0.12229508196721312, 0.09311475409836066, 0.11508196721311476, 0.06491803278688525, 0.05540983606557377, 0.10819672131147541, 0.06360655737704918], [0.01377049180327869, 0.010491803278688525, 0.010163934426229508, 0.017704918032786884, 0.01540983606557377, 0.014426229508196721, 0.017049180327868854, 0.04622950819672131, 0.05016393442622951, 0.05377049180327869, 0.06491803278688525, 0.07770491803278688, 0.07737704918032787, 0.0780327868852459, 0.10426229508196722, 0.11770491803278689, 0.11442622950819673, 0.13704918032786886, 0.160327868852459, 0.21147540983606558, 0.14065573770491804, 0.08622950819672132, 0.10524590163934426, 0.07049180327868852, 0.06032786885245902, 0.05508196721311476, 0.07442622950819672, 0.05508196721311476, 0.04262295081967213, 0.03901639344262295, 0.04229508196721311, 0.08327868852459017, 0.07049180327868852, 0.08459016393442623, 0.05540983606557377, 0.051147540983606556, 0.07278688524590164, 0.03704918032786885], [0.013114754098360656, 0.011475409836065573, 0.010163934426229508, 0.023934426229508195, 0.02, 0.01639344262295082, 0.019344262295081967, 0.033770491803278686, 0.04360655737704918, 0.04622950819672131, 0.05377049180327869, 0.06885245901639345, 0.06885245901639345, 0.06459016393442622, 0.08786885245901639, 0.09344262295081968, 0.09868852459016393, 0.11901639344262295, 0.12524590163934426, 0.14065573770491804, 0.19901639344262295, 0.09639344262295083, 0.1078688524590164, 0.07639344262295082, 0.06819672131147542, 0.05245901639344262, 0.07278688524590164, 0.054098360655737705, 0.033770491803278686, 0.02983606557377049, 0.0380327868852459, 0.06688524590163934, 0.051147540983606556, 0.06491803278688525, 0.050491803278688525, 0.04885245901639344, 0.06491803278688525, 0.036721311475409836], [0.00819672131147541, 0.00819672131147541, 0.0075409836065573775, 0.019672131147540985, 0.016065573770491802, 0.013442622950819673, 0.014098360655737704, 0.015737704918032787, 0.023278688524590165, 0.02983606557377049, 0.02721311475409836, 0.03442622950819672, 0.04131147540983607, 0.04262295081967213, 0.05213114754098361, 0.05081967213114754, 0.0580327868852459, 0.07377049180327869, 0.06688524590163934, 0.08622950819672132, 0.09639344262295083, 0.14131147540983607, 0.10098360655737705, 0.07278688524590164, 0.06491803278688525, 0.054754098360655735, 0.05311475409836065, 0.04295081967213115, 0.021967213114754098, 0.02098360655737705, 0.028524590163934428, 0.033770491803278686, 0.026885245901639345, 0.035737704918032784, 0.035737704918032784, 0.035081967213114754, 0.040327868852459016, 0.021311475409836064], [0.007868852459016393, 0.009836065573770493, 0.005573770491803279, 0.016065573770491802, 0.01540983606557377, 0.014754098360655738, 0.021967213114754098, 0.018032786885245903, 0.032459016393442626, 0.04, 0.039672131147540986, 0.054754098360655735, 0.06295081967213115, 0.054098360655737705, 0.08163934426229508, 0.09245901639344262, 0.09180327868852459, 0.0940983606557377, 0.0921311475409836, 0.10524590163934426, 0.1078688524590164, 0.10098360655737705, 0.20459016393442622, 0.12491803278688525, 0.1019672131147541, 0.09114754098360656, 0.0960655737704918, 0.06819672131147542, 0.036065573770491806, 0.040327868852459016, 0.051147540983606556, 0.06032786885245902, 0.04295081967213115, 0.051147540983606556, 0.04721311475409836, 0.047540983606557376, 0.06393442622950819, 0.03475409836065574], [0.005573770491803279, 0.005901639344262295, 0.003278688524590164, 0.012459016393442624, 0.010491803278688525, 0.009180327868852459, 0.020655737704918034, 0.015081967213114755, 0.02262295081967213, 0.033770491803278686, 0.03540983606557377, 0.046885245901639346, 0.04262295081967213, 0.031475409836065574, 0.054754098360655735, 0.06491803278688525, 0.060655737704918035, 0.061311475409836065, 0.05508196721311476, 0.07049180327868852, 0.07639344262295082, 0.07278688524590164, 0.12491803278688525, 0.1501639344262295, 0.11180327868852459, 0.08459016393442623, 0.08885245901639344, 0.06491803278688525, 0.033114754098360656, 0.035081967213114754, 0.039672131147540986, 0.05016393442622951, 0.03704918032786885, 0.039672131147540986, 0.03409836065573771, 0.032131147540983604, 0.03836065573770492, 0.019344262295081967], [0.005573770491803279, 0.006557377049180328, 0.0042622950819672135, 0.014098360655737704, 0.011147540983606558, 0.008524590163934427, 0.01901639344262295, 0.014426229508196721, 0.02360655737704918, 0.037377049180327866, 0.037377049180327866, 0.04622950819672131, 0.04229508196721311, 0.036065573770491806, 0.05442622950819672, 0.057704918032786885, 0.054754098360655735, 0.061311475409836065, 0.04950819672131147, 0.06032786885245902, 0.06819672131147542, 0.06491803278688525, 0.1019672131147541, 0.11180327868852459, 0.14655737704918032, 0.0980327868852459, 0.09836065573770492, 0.07639344262295082, 0.04229508196721311, 0.040327868852459016, 0.043934426229508196, 0.05081967213114754, 0.04131147540983607, 0.04459016393442623, 0.03836065573770492, 0.03278688524590164, 0.039672131147540986, 0.02], [0.005573770491803279, 0.010491803278688525, 0.006557377049180328, 0.02098360655737705, 0.013114754098360656, 0.01639344262295082, 0.028524590163934428, 0.02622950819672131, 0.033114754098360656, 0.05311475409836065, 0.05311475409836065, 0.07147540983606557, 0.05540983606557377, 0.05573770491803279, 0.07934426229508197, 0.08, 0.07508196721311475, 0.07245901639344263, 0.05311475409836065, 0.05508196721311476, 0.05245901639344262, 0.054754098360655735, 0.09114754098360656, 0.08459016393442623, 0.0980327868852459, 0.18786885245901638, 0.12721311475409836, 0.10721311475409837, 0.07934426229508197, 0.07573770491803279, 0.06950819672131148, 0.07868852459016394, 0.058360655737704915, 0.06295081967213115, 0.061967213114754095, 0.0560655737704918, 0.06688524590163934, 0.04], [0.007213114754098361, 0.00819672131147541, 0.007868852459016393, 0.017704918032786884, 0.015081967213114755, 0.012786885245901639, 0.021967213114754098, 0.03770491803278689, 0.04360655737704918, 0.05245901639344262, 0.06098360655737705, 0.07868852459016394, 0.061311475409836065, 0.06295081967213115, 0.09442622950819672, 0.08327868852459017, 0.0740983606557377, 0.07540983606557378, 0.0659016393442623, 0.07442622950819672, 0.07278688524590164, 0.05311475409836065, 0.0960655737704918, 0.08885245901639344, 0.09836065573770492, 0.12721311475409836, 0.21180327868852458, 0.14918032786885246, 0.10983606557377049, 0.0839344262295082, 0.08426229508196721, 0.10163934426229508, 0.07704918032786885, 0.08229508196721312, 0.06819672131147542, 0.060655737704918035, 0.06754098360655737, 0.0380327868852459], [0.006229508196721312, 0.006557377049180328, 0.007213114754098361, 0.014426229508196721, 0.014098360655737704, 0.013442622950819673, 0.018032786885245903, 0.035081967213114754, 0.0419672131147541, 0.04557377049180328, 0.05508196721311476, 0.07245901639344263, 0.057704918032786885, 0.060655737704918035, 0.08295081967213115, 0.0659016393442623, 0.05639344262295082, 0.06, 0.05245901639344262, 0.05508196721311476, 0.054098360655737705, 0.04295081967213115, 0.06819672131147542, 0.06491803278688525, 0.07639344262295082, 0.10721311475409837, 0.14918032786885246, 0.18721311475409835, 0.12524590163934426, 0.09245901639344262, 0.08524590163934426, 0.10327868852459017, 0.07934426229508197, 0.08295081967213115, 0.06721311475409836, 0.0580327868852459, 0.06262295081967213, 0.033114754098360656], [0.009508196721311476, 0.006229508196721312, 0.008524590163934427, 0.01540983606557377, 0.015081967213114755, 0.01737704918032787, 0.01639344262295082, 0.053442622950819675, 0.05540983606557377, 0.06, 0.06622950819672131, 0.07901639344262296, 0.06786885245901639, 0.07081967213114754, 0.08, 0.07081967213114754, 0.05737704918032787, 0.06032786885245902, 0.051147540983606556, 0.04262295081967213, 0.033770491803278686, 0.021967213114754098, 0.036065573770491806, 0.033114754098360656, 0.04229508196721311, 0.07934426229508197, 0.10983606557377049, 0.12524590163934426, 0.1721311475409836, 0.11114754098360656, 0.08524590163934426, 0.11311475409836065, 0.08950819672131148, 0.09278688524590165, 0.06688524590163934, 0.04852459016393443, 0.06754098360655737, 0.04], [0.010491803278688525, 0.00819672131147541, 0.007868852459016393, 0.010163934426229508, 0.011475409836065573, 0.017049180327868854, 0.017704918032786884, 0.035081967213114754, 0.04426229508196721, 0.057704918032786885, 0.05934426229508197, 0.07081967213114754, 0.06098360655737705, 0.04655737704918033, 0.06655737704918033, 0.06786885245901639, 0.050491803278688525, 0.05147540983606557, 0.0419672131147541, 0.03901639344262295, 0.02983606557377049, 0.02098360655737705, 0.040327868852459016, 0.035081967213114754, 0.040327868852459016, 0.07573770491803279, 0.0839344262295082, 0.09245901639344262, 0.11114754098360656, 0.16327868852459015, 0.10918032786885246, 0.11967213114754098, 0.0940983606557377, 0.09147540983606557, 0.06983606557377049, 0.05737704918032787, 0.0718032786885246, 0.04], [0.008524590163934427, 0.01540983606557377, 0.010163934426229508, 0.015081967213114755, 0.01180327868852459, 0.022295081967213116, 0.02360655737704918, 0.024918032786885248, 0.032131147540983604, 0.05016393442622951, 0.046885245901639346, 0.058360655737704915, 0.05016393442622951, 0.04131147540983607, 0.06327868852459016, 0.06688524590163934, 0.04786885245901639, 0.04426229508196721, 0.03704918032786885, 0.04229508196721311, 0.0380327868852459, 0.028524590163934428, 0.051147540983606556, 0.039672131147540986, 0.043934426229508196, 0.06950819672131148, 0.08426229508196721, 0.08524590163934426, 0.08524590163934426, 0.10918032786885246, 0.17245901639344263, 0.12786885245901639, 0.10655737704918032, 0.10426229508196722, 0.08852459016393442, 0.07377049180327869, 0.07770491803278688, 0.04131147540983607], [0.02459016393442623, 0.011475409836065573, 0.006885245901639345, 0.011475409836065573, 0.011475409836065573, 0.014426229508196721, 0.021967213114754098, 0.10163934426229508, 0.10754098360655738, 0.12754098360655738, 0.13245901639344262, 0.15311475409836064, 0.13311475409836065, 0.12065573770491804, 0.14491803278688525, 0.15114754098360655, 0.12622950819672132, 0.1380327868852459, 0.12229508196721312, 0.08327868852459017, 0.06688524590163934, 0.033770491803278686, 0.06032786885245902, 0.05016393442622951, 0.05081967213114754, 0.07868852459016394, 0.10163934426229508, 0.10327868852459017, 0.11311475409836065, 0.11967213114754098, 0.12786885245901639, 0.2718032786885246, 0.1944262295081967, 0.2, 0.12622950819672132, 0.1019672131147541, 0.13934426229508196, 0.07442622950819672], [0.020327868852459016, 0.010491803278688525, 0.006557377049180328, 0.013442622950819673, 0.0075409836065573775, 0.014098360655737704, 0.018688524590163933, 0.08163934426229508, 0.08754098360655738, 0.10229508196721311, 0.10590163934426229, 0.11934426229508197, 0.1078688524590164, 0.09442622950819672, 0.11311475409836065, 0.12327868852459016, 0.0960655737704918, 0.10262295081967213, 0.09311475409836066, 0.07049180327868852, 0.051147540983606556, 0.026885245901639345, 0.04295081967213115, 0.03704918032786885, 0.04131147540983607, 0.058360655737704915, 0.07704918032786885, 0.07934426229508197, 0.08950819672131148, 0.0940983606557377, 0.10655737704918032, 0.1944262295081967, 0.22131147540983606, 0.19967213114754098, 0.13672131147540983, 0.0960655737704918, 0.12098360655737705, 0.06426229508196721], [0.02459016393442623, 0.01377049180327869, 0.008852459016393442, 0.018032786885245903, 0.00819672131147541, 0.016721311475409836, 0.023934426229508195, 0.1019672131147541, 0.10721311475409837, 0.12393442622950819, 0.1318032786885246, 0.13868852459016393, 0.12885245901639344, 0.11737704918032787, 0.13934426229508196, 0.14622950819672131, 0.11442622950819673, 0.12163934426229508, 0.11508196721311476, 0.08459016393442623, 0.06491803278688525, 0.035737704918032784, 0.051147540983606556, 0.039672131147540986, 0.04459016393442623, 0.06295081967213115, 0.08229508196721312, 0.08295081967213115, 0.09278688524590165, 0.09147540983606557, 0.10426229508196722, 0.2, 0.19967213114754098, 0.25540983606557377, 0.15672131147540982, 0.1219672131147541, 0.15081967213114755, 0.08524590163934426], [0.01540983606557377, 0.010819672131147541, 0.00819672131147541, 0.01639344262295082, 0.008524590163934427, 0.014098360655737704, 0.020327868852459016, 0.05573770491803279, 0.058360655737704915, 0.07049180327868852, 0.07901639344262296, 0.0881967213114754, 0.07901639344262296, 0.07344262295081967, 0.09081967213114754, 0.09114754098360656, 0.07213114754098361, 0.07639344262295082, 0.06491803278688525, 0.05540983606557377, 0.050491803278688525, 0.035737704918032784, 0.04721311475409836, 0.03409836065573771, 0.03836065573770492, 0.061967213114754095, 0.06819672131147542, 0.06721311475409836, 0.06688524590163934, 0.06983606557377049, 0.08852459016393442, 0.12622950819672132, 0.13672131147540983, 0.15672131147540982, 0.19672131147540983, 0.12131147540983607, 0.12655737704918033, 0.07540983606557378], [0.009508196721311476, 0.012131147540983607, 0.006229508196721312, 0.016065573770491802, 0.00819672131147541, 0.015081967213114755, 0.02262295081967213, 0.04, 0.043934426229508196, 0.05540983606557377, 0.06622950819672131, 0.0780327868852459, 0.07016393442622951, 0.05934426229508197, 0.08459016393442623, 0.08327868852459017, 0.06622950819672131, 0.07475409836065573, 0.05540983606557377, 0.051147540983606556, 0.04885245901639344, 0.035081967213114754, 0.047540983606557376, 0.032131147540983604, 0.03278688524590164, 0.0560655737704918, 0.060655737704918035, 0.0580327868852459, 0.04852459016393443, 0.05737704918032787, 0.07377049180327869, 0.1019672131147541, 0.0960655737704918, 0.1219672131147541, 0.12131147540983607, 0.18163934426229508, 0.12393442622950819, 0.08065573770491803], [0.023934426229508195, 0.016721311475409836, 0.008524590163934427, 0.02262295081967213, 0.013442622950819673, 0.02098360655737705, 0.03180327868852459, 0.08098360655737705, 0.08295081967213115, 0.10590163934426229, 0.1121311475409836, 0.12327868852459016, 0.1160655737704918, 0.1019672131147541, 0.12524590163934426, 0.13114754098360656, 0.11442622950819673, 0.11836065573770492, 0.10819672131147541, 0.07278688524590164, 0.06491803278688525, 0.040327868852459016, 0.06393442622950819, 0.03836065573770492, 0.039672131147540986, 0.06688524590163934, 0.06754098360655737, 0.06262295081967213, 0.06754098360655737, 0.0718032786885246, 0.07770491803278688, 0.13934426229508196, 0.12098360655737705, 0.15081967213114755, 0.12655737704918033, 0.12393442622950819, 0.25114754098360653, 0.14885245901639343], [0.017049180327868854, 0.013114754098360656, 0.006229508196721312, 0.017704918032786884, 0.0075409836065573775, 0.014426229508196721, 0.021967213114754098, 0.050491803278688525, 0.04918032786885246, 0.06688524590163934, 0.07049180327868852, 0.07540983606557378, 0.07245901639344263, 0.06360655737704918, 0.08229508196721312, 0.08426229508196721, 0.07639344262295082, 0.07344262295081967, 0.06360655737704918, 0.03704918032786885, 0.036721311475409836, 0.021311475409836064, 0.03475409836065574, 0.019344262295081967, 0.02, 0.04, 0.0380327868852459, 0.033114754098360656, 0.04, 0.04, 0.04131147540983607, 0.07442622950819672, 0.06426229508196721, 0.08524590163934426, 0.07540983606557378, 0.08065573770491803, 0.14885245901639343, 0.15114754098360655]], [[0.061311475409836065, 0.040327868852459016, 0.024918032786885248, 0.025573770491803278, 0.013442622950819673, 0.015737704918032787, 0.027868852459016394, 0.03114754098360656, 0.03114754098360656, 0.033114754098360656, 0.027868852459016394, 0.02360655737704918, 0.018360655737704918, 0.02721311475409836, 0.029180327868852458, 0.021967213114754098, 0.02, 0.023278688524590165, 0.013442622950819673, 0.00819672131147541, 0.009180327868852459, 0.005573770491803279, 0.008852459016393442, 0.005245901639344262, 0.005245901639344262, 0.007868852459016393, 0.007213114754098361, 0.005901639344262295, 0.0075409836065573775, 0.008852459016393442, 0.007868852459016393, 0.01540983606557377, 0.01180327868852459, 0.015737704918032787, 0.011475409836065573, 0.009508196721311476, 0.017704918032786884, 0.010491803278688525], [0.040327868852459016, 0.07672131147540984, 0.040327868852459016, 0.040983606557377046, 0.023278688524590165, 0.03639344262295082, 0.05967213114754098, 0.04590163934426229, 0.03836065573770492, 0.043934426229508196, 0.036065573770491806, 0.027868852459016394, 0.01901639344262295, 0.024262295081967214, 0.02754098360655738, 0.022950819672131147, 0.02, 0.02098360655737705, 0.014426229508196721, 0.009508196721311476, 0.010491803278688525, 0.007868852459016393, 0.014754098360655738, 0.00819672131147541, 0.010491803278688525, 0.01639344262295082, 0.01639344262295082, 0.012459016393442624, 0.008524590163934427, 0.010491803278688525, 0.012459016393442624, 0.013114754098360656, 0.00819672131147541, 0.010819672131147541, 0.007213114754098361, 0.008852459016393442, 0.016721311475409836, 0.009180327868852459], [0.024918032786885248, 0.040327868852459016, 0.06163934426229508, 0.04557377049180328, 0.035737704918032784, 0.03442622950819672, 0.0380327868852459, 0.03180327868852459, 0.028852459016393443, 0.02983606557377049, 0.02622950819672131, 0.019344262295081967, 0.014098360655737704, 0.01540983606557377, 0.015081967213114755, 0.013442622950819673, 0.014426229508196721, 0.012786885245901639, 0.009180327868852459, 0.008524590163934427, 0.011475409836065573, 0.008852459016393442, 0.010819672131147541, 0.005245901639344262, 0.006885245901639345, 0.012131147540983607, 0.011147540983606558, 0.00819672131147541, 0.007213114754098361, 0.007213114754098361, 0.011147540983606558, 0.008852459016393442, 0.006557377049180328, 0.009180327868852459, 0.008524590163934427, 0.008524590163934427, 0.012459016393442624, 0.007213114754098361], [0.025573770491803278, 0.040983606557377046, 0.04557377049180328, 0.10131147540983607, 0.05934426229508197, 0.05213114754098361, 0.057049180327868855, 0.05508196721311476, 0.05442622950819672, 0.05901639344262295, 0.04491803278688525, 0.04557377049180328, 0.03442622950819672, 0.02754098360655738, 0.025573770491803278, 0.02721311475409836, 0.03442622950819672, 0.02754098360655738, 0.016721311475409836, 0.01180327868852459, 0.021639344262295083, 0.018032786885245903, 0.017704918032786884, 0.014098360655737704, 0.017704918032786884, 0.03016393442622951, 0.02098360655737705, 0.017049180327868854, 0.016065573770491802, 0.012459016393442624, 0.02, 0.015081967213114755, 0.011475409836065573, 0.017049180327868854, 0.017704918032786884, 0.016721311475409836, 0.026885245901639345, 0.01639344262295082], [0.013442622950819673, 0.023278688524590165, 0.035737704918032784, 0.05934426229508197, 0.09114754098360656, 0.06426229508196721, 0.046885245901639346, 0.04819672131147541, 0.049836065573770495, 0.04721311475409836, 0.04950819672131147, 0.03704918032786885, 0.032459016393442626, 0.029508196721311476, 0.02262295081967213, 0.019344262295081967, 0.021967213114754098, 0.020655737704918034, 0.01639344262295082, 0.015737704918032787, 0.017704918032786884, 0.016721311475409836, 0.02, 0.012786885245901639, 0.015081967213114755, 0.02360655737704918, 0.018688524590163933, 0.01639344262295082, 0.017049180327868854, 0.015081967213114755, 0.016065573770491802, 0.016721311475409836, 0.009180327868852459, 0.011147540983606558, 0.01180327868852459, 0.012131147540983607, 0.019672131147540985, 0.009836065573770493], [0.015737704918032787, 0.03639344262295082, 0.03442622950819672, 0.05213114754098361, 0.06426229508196721, 0.10032786885245902, 0.06885245901639345, 0.053442622950819675, 0.05278688524590164, 0.057049180327868855, 0.05442622950819672, 0.036721311475409836, 0.03180327868852459, 0.02754098360655738, 0.025573770491803278, 0.02819672131147541, 0.024262295081967214, 0.016721311475409836, 0.01377049180327869, 0.013114754098360656, 0.014754098360655738, 0.015081967213114755, 0.02098360655737705, 0.013114754098360656, 0.014754098360655738, 0.027868852459016394, 0.01901639344262295, 0.019344262295081967, 0.018032786885245903, 0.018360655737704918, 0.02721311475409836, 0.019672131147540985, 0.014098360655737704, 0.017049180327868854, 0.01639344262295082, 0.018688524590163933, 0.025573770491803278, 0.01639344262295082], [0.027868852459016394, 0.05967213114754098, 0.0380327868852459, 0.057049180327868855, 0.046885245901639346, 0.06885245901639345, 0.11836065573770492, 0.07704918032786885, 0.06983606557377049, 0.07934426229508197, 0.07213114754098361, 0.05901639344262295, 0.04655737704918033, 0.04, 0.046885245901639346, 0.04295081967213115, 0.04426229508196721, 0.032459016393442626, 0.018688524590163933, 0.014426229508196721, 0.017049180327868854, 0.015737704918032787, 0.026557377049180327, 0.021967213114754098, 0.024262295081967214, 0.039672131147540986, 0.028852459016393443, 0.020655737704918034, 0.017704918032786884, 0.017704918032786884, 0.026557377049180327, 0.02360655737704918, 0.015081967213114755, 0.02, 0.01737704918032787, 0.018360655737704918, 0.029180327868852458, 0.018688524590163933], [0.03114754098360656, 0.04590163934426229, 0.03180327868852459, 0.05508196721311476, 0.04819672131147541, 0.053442622950819675, 0.07704918032786885, 0.17147540983606557, 0.13934426229508196, 0.1219672131147541, 0.12786885245901639, 0.11836065573770492, 0.09868852459016393, 0.09180327868852459, 0.10032786885245902, 0.0859016393442623, 0.0740983606557377, 0.07901639344262296, 0.06688524590163934, 0.03540983606557377, 0.036065573770491806, 0.019672131147540985, 0.022950819672131147, 0.020655737704918034, 0.024918032786885248, 0.03901639344262295, 0.038688524590163934, 0.037377049180327866, 0.05016393442622951, 0.03770491803278689, 0.022950819672131147, 0.07508196721311475, 0.0560655737704918, 0.06688524590163934, 0.04524590163934426, 0.026885245901639345, 0.06295081967213115, 0.0419672131147541], [0.03114754098360656, 0.03836065573770492, 0.028852459016393443, 0.05442622950819672, 0.049836065573770495, 0.05278688524590164, 0.06983606557377049, 0.13934426229508196, 0.20491803278688525, 0.16491803278688524, 0.14918032786885246, 0.15311475409836064, 0.1321311475409836, 0.10721311475409837, 0.10819672131147541, 0.09475409836065574, 0.09934426229508196, 0.09639344262295083, 0.07344262295081967, 0.03901639344262295, 0.04557377049180328, 0.032131147540983604, 0.036065573770491806, 0.02819672131147541, 0.03475409836065574, 0.04918032786885246, 0.04524590163934426, 0.04819672131147541, 0.05967213114754098, 0.04622950819672131, 0.03081967213114754, 0.08131147540983606, 0.05934426229508197, 0.07049180327868852, 0.04819672131147541, 0.031475409836065574, 0.06229508196721312, 0.04], [0.033114754098360656, 0.043934426229508196, 0.02983606557377049, 0.05901639344262295, 0.04721311475409836, 0.057049180327868855, 0.07934426229508197, 0.1219672131147541, 0.16491803278688524, 0.2321311475409836, 0.17344262295081966, 0.1760655737704918, 0.1557377049180328, 0.12360655737704918, 0.12852459016393442, 0.1259016393442623, 0.12459016393442623, 0.10819672131147541, 0.07836065573770491, 0.043278688524590166, 0.04655737704918033, 0.039672131147540986, 0.054754098360655735, 0.04360655737704918, 0.04786885245901639, 0.06721311475409836, 0.05245901639344262, 0.04852459016393443, 0.06, 0.05639344262295082, 0.046885245901639346, 0.09311475409836066, 0.06655737704918033, 0.08032786885245902, 0.0560655737704918, 0.03934426229508197, 0.07770491803278688, 0.05180327868852459], [0.027868852459016394, 0.036065573770491806, 0.02622950819672131, 0.04491803278688525, 0.04950819672131147, 0.05442622950819672, 0.07213114754098361, 0.12786885245901639, 0.14918032786885246, 0.17344262295081966, 0.2583606557377049, 0.1918032786885246, 0.1662295081967213, 0.15245901639344261, 0.16819672131147542, 0.12918032786885245, 0.12065573770491804, 0.11836065573770492, 0.09016393442622951, 0.05508196721311476, 0.05016393442622951, 0.03770491803278689, 0.05672131147540983, 0.04360655737704918, 0.04819672131147541, 0.06852459016393443, 0.06295081967213115, 0.05508196721311476, 0.06557377049180328, 0.05868852459016394, 0.04426229508196721, 0.10163934426229508, 0.07377049180327869, 0.08557377049180327, 0.05672131147540983, 0.04524590163934426, 0.08262295081967214, 0.05508196721311476], [0.02360655737704918, 0.027868852459016394, 0.019344262295081967, 0.04557377049180328, 0.03704918032786885, 0.036721311475409836, 0.05901639344262295, 0.11836065573770492, 0.15311475409836064, 0.1760655737704918, 0.1918032786885246, 0.27377049180327867, 0.1960655737704918, 0.15540983606557376, 0.18491803278688523, 0.16295081967213115, 0.14459016393442622, 0.13934426229508196, 0.1, 0.06360655737704918, 0.061967213114754095, 0.046885245901639346, 0.06721311475409836, 0.05672131147540983, 0.05967213114754098, 0.08524590163934426, 0.07704918032786885, 0.06754098360655737, 0.0780327868852459, 0.06721311475409836, 0.054754098360655735, 0.11147540983606558, 0.08262295081967214, 0.09245901639344262, 0.06688524590163934, 0.05934426229508197, 0.0980327868852459, 0.06393442622950819], [0.018360655737704918, 0.01901639344262295, 0.014098360655737704, 0.0344262